This is cutadapt 2.8 with Python 3.8.10
Command line parameters: -g GGAAGTAAAAGTCGTAACAAGG -a GCATCGATGAAGAACGCAGC -G GCTGCGTTCTTCATCGATGC -A CCTTGTTACGACTTTTACTTCC -n 2 -o /Smaug_SSD/MBB101/SaWheeler/filtN//cutadapt/T3_raw_1.fq.gz -p /Smaug_SSD/MBB101/SaWheeler/filtN//cutadapt/T3_raw_2.fq.gz /Smaug_SSD/MBB101/SaWheeler/filtN/T3_raw_1.fq.gz /Smaug_SSD/MBB101/SaWheeler/filtN/T3_raw_2.fq.gz
Processing reads on 1 core in paired-end mode ...
Finished in 25.28 s (183 us/read; 0.33 M reads/minute).

=== Summary ===

Total read pairs processed:            138,105
  Read 1 with adapter:                 138,100 (100.0%)
  Read 2 with adapter:                 138,105 (100.0%)
Pairs written (passing filters):       138,105 (100.0%)

Total basepairs processed:    69,041,413 bp
  Read 1:    34,521,801 bp
  Read 2:    34,519,612 bp
Total written (filtered):     57,828,292 bp (83.8%)
  Read 1:    28,856,120 bp
  Read 2:    28,972,172 bp

=== First read: Adapter 1 ===

Sequence: GGAAGTAAAAGTCGTAACAAGG; Type: regular 5'; Length: 22; Trimmed: 138123 times; Reverse-complemented: 0 times

No. of allowed errors:
0-9 bp: 0; 10-19 bp: 1; 20-22 bp: 2

Overview of removed sequences
length	count	expect	max.err	error counts
3	4	2157.9	0	4
4	1	539.5	0	1
26	3	0.0	2	0 0 3
27	148	0.0	2	0 133 15
28	137784	0.0	2	135832 1831 121
29	164	0.0	2	117 46 1
30	1	0.0	2	0 0 1
57	1	0.0	2	1
58	8	0.0	2	8
59	1	0.0	2	1
60	1	0.0	2	1
64	1	0.0	2	1
68	1	0.0	2	1
183	3	0.0	2	3
186	1	0.0	2	1
209	1	0.0	2	1


=== First read: Adapter 2 ===

Sequence: GCATCGATGAAGAACGCAGC; Type: regular 3'; Length: 20; Trimmed: 67079 times; Reverse-complemented: 0 times

No. of allowed errors:
0-9 bp: 0; 10-19 bp: 1; 20 bp: 2

Bases preceding removed adapters:
  A: 15.5%
  C: 13.2%
  G: 52.6%
  T: 18.7%
  none/other: 0.0%

Overview of removed sequences
length	count	expect	max.err	error counts
3	416	2157.9	0	416
4	491	539.5	0	491
5	1385	134.9	0	1385
6	823	33.7	0	823
7	185	8.4	0	185
8	667	2.1	0	667
9	3343	0.5	0	3338 5
10	413	0.1	1	379 34
11	1008	0.0	1	925 83
12	576	0.0	1	520 56
13	227	0.0	1	207 20
14	3841	0.0	1	3465 376
15	728	0.0	1	638 90
16	412	0.0	1	323 89
17	501	0.0	1	451 50
18	212	0.0	1	193 19
19	164	0.0	1	140 23 1
20	1516	0.0	2	1343 139 34
21	5019	0.0	2	4423 470 126
22	11161	0.0	2	9112 1692 357
23	15949	0.0	2	14091 1556 302
24	908	0.0	2	823 74 11
25	29	0.0	2	24 3 2
26	126	0.0	2	112 13 1
27	222	0.0	2	188 26 8
28	34	0.0	2	31 3
29	33	0.0	2	30 2 1
30	27	0.0	2	25 2
31	53	0.0	2	50 3
32	93	0.0	2	86 7
33	24	0.0	2	22 2
34	48	0.0	2	44 3 1
35	5	0.0	2	5
36	334	0.0	2	302 29 3
37	629	0.0	2	553 63 13
38	342	0.0	2	306 28 8
39	1828	0.0	2	1606 169 53
40	204	0.0	2	184 15 5
41	956	0.0	2	853 79 24
42	1033	0.0	2	910 103 20
43	3215	0.0	2	2910 255 50
44	1272	0.0	2	1103 137 32
45	706	0.0	2	615 74 17
46	190	0.0	2	172 16 2
47	1708	0.0	2	1522 142 44
48	85	0.0	2	73 10 2
49	46	0.0	2	40 5 1
50	7	0.0	2	6 1
51	93	0.0	2	81 10 2
52	89	0.0	2	82 5 2
53	83	0.0	2	82 1
54	66	0.0	2	63 2 1
55	5	0.0	2	5
56	120	0.0	2	115 5
57	11	0.0	2	10 1
58	69	0.0	2	64 4 1
59	43	0.0	2	39 3 1
60	9	0.0	2	7 0 2
61	14	0.0	2	14
62	92	0.0	2	87 4 1
63	398	0.0	2	383 13 2
64	59	0.0	2	57 2
65	10	0.0	2	9 1
66	6	0.0	2	6
67	3	0.0	2	3
68	2	0.0	2	2
69	4	0.0	2	4
70	4	0.0	2	4
71	13	0.0	2	13
72	1	0.0	2	1
73	3	0.0	2	2 1
74	99	0.0	2	95 4
75	231	0.0	2	226 4 1
76	49	0.0	2	44 4 1
77	54	0.0	2	51 3
78	4	0.0	2	4
80	1	0.0	2	1
81	13	0.0	2	12 1
82	10	0.0	2	9 1
83	55	0.0	2	54 1
84	5	0.0	2	5
85	3	0.0	2	3
86	2	0.0	2	2
87	5	0.0	2	5
88	25	0.0	2	24 1
89	449	0.0	2	431 16 2
90	15	0.0	2	15
91	850	0.0	2	814 31 5
92	47	0.0	2	44 3
93	43	0.0	2	41 2
94	567	0.0	2	544 19 4
95	15	0.0	2	15
96	22	0.0	2	22
97	75	0.0	2	73 1 1
98	2	0.0	2	2
100	2	0.0	2	1 0 1
104	1	0.0	2	1
106	3	0.0	2	3
111	1	0.0	2	1
114	1	0.0	2	1
115	1	0.0	2	0 1
117	6	0.0	2	6
118	7	0.0	2	7
119	2	0.0	2	2
121	1	0.0	2	1
122	1	0.0	2	1
123	5	0.0	2	4 1
128	1	0.0	2	1
178	1	0.0	2	1
214	1	0.0	2	1
216	2	0.0	2	2
218	1	0.0	2	1
221	1	0.0	2	1
222	9	0.0	2	0 8 1


=== Second read: Adapter 3 ===

Sequence: GCTGCGTTCTTCATCGATGC; Type: regular 5'; Length: 20; Trimmed: 138112 times; Reverse-complemented: 0 times

No. of allowed errors:
0-9 bp: 0; 10-19 bp: 1; 20 bp: 2

Overview of removed sequences
length	count	expect	max.err	error counts
24	10	0.0	2	0 0 10
25	141	0.0	2	0 125 16
26	137305	0.0	2	134872 2315 118
27	635	0.0	2	398 228 9
28	14	0.0	2	2 0 12
46	1	0.0	2	1
58	2	0.0	2	0 0 2
106	4	0.0	2	4


=== Second read: Adapter 4 ===

Sequence: CCTTGTTACGACTTTTACTTCC; Type: regular 3'; Length: 22; Trimmed: 71114 times; Reverse-complemented: 0 times

No. of allowed errors:
0-9 bp: 0; 10-19 bp: 1; 20-22 bp: 2

Bases preceding removed adapters:
  A: 95.7%
  C: 2.4%
  G: 0.5%
  T: 1.4%
  none/other: 0.0%
WARNING:
    The adapter is preceded by "A" extremely often.
    The provided adapter sequence could be incomplete at its 3' end.

Overview of removed sequences
length	count	expect	max.err	error counts
3	2290	2157.9	0	2290
4	867	539.5	0	867
5	385	134.9	0	385
6	463	33.7	0	463
7	1383	8.4	0	1383
8	796	2.1	0	796
9	188	0.5	0	187 1
10	704	0.1	1	638 66
11	3843	0.0	1	3597 246
12	415	0.0	1	386 29
13	1030	0.0	1	965 65
14	586	0.0	1	541 45
15	238	0.0	1	220 18
16	3897	0.0	1	3651 246
17	758	0.0	1	704 54
18	469	0.0	1	433 36
19	520	0.0	1	481 39
20	220	0.0	2	196 18 6
21	185	0.0	2	147 26 12
22	1518	0.0	2	1311 170 37
23	5056	0.0	2	4472 484 100
24	11323	0.0	2	9927 1177 219
25	16009	0.0	2	14861 939 209
26	908	0.0	2	848 51 9
27	30	0.0	2	25 5
28	126	0.0	2	112 10 4
29	217	0.0	2	191 19 7
30	34	0.0	2	33 0 1
31	31	0.0	2	24 7
32	27	0.0	2	22 3 2
33	52	0.0	2	43 6 3
34	93	0.0	2	87 6
35	22	0.0	2	18 4
36	48	0.0	2	44 3 1
37	4	0.0	2	4
38	335	0.0	2	296 27 12
39	623	0.0	2	544 65 14
40	343	0.0	2	290 41 12
41	1808	0.0	2	1566 205 37
42	206	0.0	2	178 22 6
43	965	0.0	2	841 98 26
44	1019	0.0	2	890 101 28
45	3195	0.0	2	2767 347 81
46	1259	0.0	2	1121 112 26
47	700	0.0	2	620 69 11
48	189	0.0	2	165 22 2
49	1713	0.0	2	1543 127 43
50	85	0.0	2	73 10 2
51	45	0.0	2	37 7 1
52	7	0.0	2	4 3
53	97	0.0	2	88 7 2
54	87	0.0	2	83 3 1
55	82	0.0	2	77 4 1
56	66	0.0	2	63 3
57	6	0.0	2	6
58	119	0.0	2	108 9 2
59	11	0.0	2	9 2
60	69	0.0	2	64 5
61	42	0.0	2	40 2
62	9	0.0	2	8 1
63	14	0.0	2	14
64	91	0.0	2	87 3 1
65	396	0.0	2	371 21 4
66	60	0.0	2	57 0 3
67	10	0.0	2	9 1
68	6	0.0	2	6
69	3	0.0	2	3
70	2	0.0	2	1 1
71	4	0.0	2	3 1
72	4	0.0	2	4
73	13	0.0	2	13
74	1	0.0	2	1
75	4	0.0	2	4
76	98	0.0	2	93 3 2
77	232	0.0	2	222 9 1
78	47	0.0	2	40 6 1
79	54	0.0	2	48 5 1
80	4	0.0	2	4
82	1	0.0	2	1
83	14	0.0	2	13 0 1
84	9	0.0	2	7 2
85	54	0.0	2	52 1 1
86	5	0.0	2	5
87	3	0.0	2	3
88	2	0.0	2	2
89	5	0.0	2	5
90	25	0.0	2	24 1
91	450	0.0	2	429 20 1
92	17	0.0	2	16 1
93	850	0.0	2	811 34 5
94	45	0.0	2	42 2 1
95	43	0.0	2	41 0 2
96	564	0.0	2	526 30 8
97	15	0.0	2	14 1
98	22	0.0	2	20 2
99	74	0.0	2	70 4
100	2	0.0	2	2
102	2	0.0	2	1 1
106	1	0.0	2	1
108	3	0.0	2	2 1
113	1	0.0	2	0 1
116	1	0.0	2	1
117	1	0.0	2	1
119	6	0.0	2	6
120	7	0.0	2	6 1
121	2	0.0	2	2
123	1	0.0	2	1
124	2	0.0	2	2
125	4	0.0	2	4
130	1	0.0	2	1
180	1	0.0	2	1
216	1	0.0	2	1
218	2	0.0	2	2
220	1	0.0	2	1
225	19	0.0	2	19


WARNING:
    One or more of your adapter sequences may be incomplete.
    Please see the detailed output above.
