p__Basidiobolomycota	p__Ascomycota	p__Mucoromycota	p__Basidiomycota	p__Rozellomycota	p__Blastocladiomycota	p__Chytridiomycota	p__Olpidiomycota	p__Mortierellomycota	p__Aphelidiomycota	p__Zoopagomycota	p__Glomeromycota	p__Kickxellomycota	p__Entomophthoromycota	p__GS01	p__Monoblepharomycota
B001	4332	53939	3690	5844	380	0	8	11	43	0	0	17	0	0	0	0	
B003	578	26035	127	5427	1528	0	137	0	25	0	0	0	0	0	0	0	
B007	1144	65045	554	11332	477	0	162	55	1285	6	0	13	0	0	0	0	
B008	1340	36112	4586	4929	5251	0	251	0	67	2	0	0	0	0	0	0	
B009	4571	43893	958	1688	53585	0	84	4	64	21	7	0	0	0	0	0	
B010	1400	32969	1766	5711	8429	0	276	26	172	13	0	0	0	0	0	0	
B011	719	91349	783	1719	672	0	54	0	158	0	0	6	0	0	0	0	
Coes002	2233	72594	1074	7877	279	8578	41	0	37	0	0	2	0	0	0	0	
Coes003	893	90119	2730	3326	1627	24	273	37	196	0	2	6	0	0	0	0	
Coes004	498	60871	11104	8373	258	1534	439	757	3623	9	0	16	5	0	0	0	
Coes006	302	17933	5424	1564	70	25	49	95	102	0	0	8	0	0	0	0	
Coes007	1610	1647	538	554	28	20	12	10	49	0	0	0	0	0	0	0	
Coes009	4423	51119	3028	5455	176	65	3027	77	164	0	0	0	0	0	0	0	
Coes010	649	39218	23860	4525	105	13	242	0	46	0	0	0	46	0	0	0	
Cook005	941	7651	1321	29910	186	0	1201	1337	124	0	2	0	0	0	0	0	
Cook006	52936	7481	2029	3003	369	182	156	95	194	0	0	0	0	0	0	2	
Cook007	204	30134	637	2077	2225	174	1414	0	90	0	0	0	3	0	74	0	
Cook008	99	45375	857	10260	3749	105	759	3	43	0	3	0	0	0	0	0	
Cook009	543	33652	1239	8644	1317	312	482	100	323	0	6	0	0	0	0	0	
Cook011	344	57291	578	38282	949	255	413	19	1679	2	18	0	3	0	0	0	
Cook012	371	10915	1108	2840	259	121	3502	691	259	4	6	0	0	0	0	0	
Cook013	2017	18710	1873	17857	13491	287	2142	13	655	0	0	0	0	28	0	0	
KP001	315	19967	3156	70323	181	0	68	645	269	0	7	0	0	0	0	0	
KP002	23292	65848	1908	2338	518	8	64	656	10056	47	2	0	0	0	0	3	
KP003	2328	63406	6820	11084	395	0	183	5084	576	3	0	0	0	0	0	0	
KP004	645	23246	2153	5311	369	8	44	278	1110	0	0	0	2	0	0	0	
KP005	1889	38500	16050	2303	40	516	34	283	35	0	0	0	2	0	0	0	
KP006	5654	33010	10112	36459	59	11	296	91	610	5	3	11	0	0	0	0	
KP007	4570	38429	16448	16830	49	33	77	1199	784	22	0	0	0	0	0	0	
KP009	33988	6824	3368	3280	83	0	57	179	214	0	0	0	0	0	0	0	
KP010	36939	1833	1774	2086	5	0	16	19	39	0	0	0	0	0	0	0	
KP011	87714	4882	3847	1393	0	0	43	23	46	0	0	0	0	0	0	0	
KP013	6629	13165	2261	4866	121	0	302	19	104	0	0	0	0	0	2	0	
MP001	203	80174	969	4699	424	18	15366	11	53	3	0	0	0	0	0	0	
MP002	605	54650	26397	16023	358	40	668	92	529	59	23	0	0	0	0	0	
MP003	89	23914	1014	3427	466	0	11785	0	42	0	0	0	0	0	0	0	
MP004	0	80027	27	2610	28	0	2474	0	144	0	0	0	0	0	0	2	
MP005	196	51203	18667	1634	47	0	6	0	0	0	0	6	0	0	0	0	
MP007	113	71033	340	1807	32	0	58	28	65	0	0	2	11	0	4	0	
MP008	3050	92059	4031	10919	355	0	1021	68	547	12	0	2	0	0	0	11
MR001	2576	85652	1921	3823	1104	18	192	38	121	0	3	0	0	0	0	0	
MR002	930	100731	1147	9480	348	0	462	43	57	0	5	0	0	0	0	0	
PR001	846	24485	1305	36813	685	0	595	171	152	0	107	0	0	0	0	0	
PR002	535	8819	311	23129	2222	0	1219	84	342	0	76	0	0	0	0	0	
PR003	1862	22496	2896	27031	1164	2	1826	1349	436	0	34	0	3	0	0	12	
PR005	4009	20564	386	22571	2369	7	3185	99	793	0	0	0	0	0	0	11	
PR006	11516	27223	2168	6720	358	1467	1484	106	108	0	7	0	0	0	0	3	
PR007	1861	20314	548	9875	406	116	1365	142	157	0	0	0	0	0	0	0	
PR008	1023	26589	994	8422	440	316	231	288	472	0	0	8	0	0	0	2	
PR009	1783	22334	670	28115	802	216	1512	227	285	0	0	0	0	0	2	0	
PR010	3457	9229	105	3438	412	149	545	20	49	0	0	0	0	0	0	0	
PRS001	57015	19232	1061	5158	432	0	192	57	1556	0	0	0	6	0	0	4	
PRS002	35559	34044	3659	5471	261	107	232	2241	723	6	5	6	0	0	0	0	
PRS003	953	17018	814	5983	140	0	105	2440	362	0	0	0	0	0	0	0	
PRS004	78963	3682	163	1343	183	0	46	28	84	0	4	0	0	0	0	0	
PRS006	42370	36233	1083	3540	260	0	542	2793	598	0	4	0	4	0	0	0	
PRS007	2725	24343	6020	6427	148	0	85	85	4608	0	3	0	20	14	0	0	
PRS009	13309	43547	434	1877	188	6	46	22	138	0	0	0	0	2	0	0	
PRS010	44069	5544	724	630	5	280	14	39	13	0	0	0	0	0	0	0	
SBFM1	31467	17916	3560	1200	289	3	107	62	1293	5	0	4	0	0	0	7	
SBFM10	70784	20450	297	863	289	18	67	0	43	0	0	0	0	0	0	0	
SBFM9	268	58179	504	4264	821	2	18	0	110	139	0	0	0	0	0	0	
T10	20510	15488	51421	4632	221	0	4274	28	112	0	0	0	0	0	0	0	
T14	9058	36065	25771	13282	2044	0	499	24	1852	23	12	139	0	0	0	0	
T15	90240	2963	3206	395	0	0	43	9	19	0	0	0	0	0	0	0	
T19	51991	16330	17991	1778	193	0	40	205	768	0	0	0	0	0	0	0	
T2	5150	100724	5249	6080	27	0	24	5	34	7	0	0	0	0	0	6	
T3	10237	78550	5512	7326	250	0	322	92	910	0	0	0	0	0	0	0	
T4	35720	40080	14430	10401	118	0	89	634	778	0	0	2	0	0	0	0	
T5	643	64774	2261	4906	84	0	31	5	133	0	0	0	3	0	0	0	
T7	21565	53552	14450	5912	82	0	949	77	2310	0	0	12	0	0	0	0	
T8	3194	25208	1873	49842	153	0	1465	15	33	0	0	0	0	0	0	0	
T9	75867	2460	558	315	803	0	17	0	16	0	0	0	0	0	0	0	
