Sample	Other	Cyanobacteria	Chloroflexi	Actinobacteria	Plantomycetes	SAR406	Other.Bacteroides	Flavobacteriales	Deltaproteobacteria	Other.Alpha	SAR11	Rhodobacteriales	Other.Gamma	Cycloclasticus	Other.Oceanosp	DHW.Oceansp	Colwellia	Methylophilaceae	Methylophaga	Methylocococcaea
WS72-3	3	7	4	3	0	2	3	1	6	6	6	2	5	14	2	14	7	0	0	0
WS41-12	7	0	6	4	0	12	0	0	18	4	11	0	18	0	0	0	0	0	0	0
WS52-3	4	0	6	3	0	10	2	3	15	0	4	0	8	2	0	3	3	0	0	1
WS65-11	6	0	6	1	0	7	0	2	15	1	18	0	6	4	0	12	2	0	0	0
P242	5	0	3	2	1	5	0	5	9	5	6	0	7	3	1	0	3	1	1	4
P228-20	4	0	5	2	6	6	2	2	18	2	7	0	21	3	0	0	0	1	0	4
P203	8	0	9	3	2	9	0	1	12	3	15	0	8	0	3	0	0	0	0	4
P191	0	0	1	0	2	4	0	12	5	2	13	6	15	1	9	0	0	1	4	4
H24	0	0	0	0	0	0	0	0	0	0	0	0	0	16	0	35	0	0	0	0
H15	0	0	1	0	0	0	0	0	0	0	0	0	0	19	0	46	0	0	0	0
H10	1	0	2	0	0	3	0	0	9	0	8	13	0	36	2	2	17	0	0	1
H5	1	0	0	0	0	0	0	0	0	0	0	0	0	23	0	36	0	0	0	0
H2	0	0	0	1	0	0	0	0	0	0	1	0	0	20	0	32	0	0	0	0
WS16-6	0	0	0	0	0	0	0	0	0	0	0	0	0	8	0	12	4	0	0	0
WS52-8	0	0	0	0	0	0	0	0	0	0	0	0	0	0	0	39	0	0	0	0
WS15-5	0	0	0	0	0	0	0	0	0	0	0	0	0	1	0	57	2	0	0	0
WS4-8	0	0	0	0	0	0	0	0	0	0	0	0	0	0	0	38	0	0	0	0
WS85-7	1	0	1	0	0	5	0	0	2	1	1	0	7	9	0	22	4	0	0	0
WS65-8	0	0	0	0	0	0	0	0	0	0	0	0	0	0	0	65	1	0	0	0
WS41-8	0	0	0	0	0	0	0	0	0	0	0	0	0	0	0	64	0	0	0	0
WS89	2	0	0	0	1	1	0	0	4	2	2	0	6	31	0	27	11	0	0	0
WS59-6	1	0	2	0	0	3	0	1	5	1	1	0	6	0	0	64	1	0	0	0
P192	2	0	2	2	10	3	2	10	7	2	4	7	15	2	2	0	0	3	2	2
P239	0	0	0	0	0	4	2	29	7	2	6	1	13	5	0	0	0	2	6	10
P240-7	4	0	2	1	6	7	2	7	13	0	5	1	15	4	2	0	0	1	1	1
P228-10	2	0	0	2	2	5	2	18	1	2	5	3	18	4	0	0	0	1	5	7
P222	0	0	1	0	1	5	0	14	4	5	10	6	6	3	4	0	0	4	12	2
P230	0	0	1	0	0	1	0	19	0	1	1	9	0	4	3	0	0	4	14	8
P211	1	0	1	1	3	3	1	9	6	2	5	5	9	0	5	0	0	1	2	2
P240-15	4	0	3	4	7	5	3	15	8	3	4	0	13	7	0	0	0	4	4	2
WS6-S	0	16	0	0	0	0	2	2	0	12	19	2	5	0	7	0	0	0	0	0
WS73-S	0	22	0	0	0	0	0	4	0	6	8	5	4	0	6	0	2	0	0	0
WSV-S	0	9	0	0	0	0	0	2	0	13	1	11	30	0	3	0	0	0	0	0
WS47-S	2	9	0	0	0	0	0	4	0	13	22	5	6	0	3	0	0	0	0	0
WS85-S	0	0	0	0	0	0	0	0	0	0	0	0	58	2	0	0	2	0	0	0