Mississippi	KJ675505.1	100.000	1400	0	0	1	1400	1425	2824	0.0	2586
Oregon	NC_045512.2	83.542	3828	594	22	1	3798	21563	25384	0.0	3546
Oregon	MN996532.1	83.386	3822	599	29	1	3798	21545	25354	0.0	3507
Oregon	MG772933.1	83.261	2306	370	16	1501	3798	22992	25289	0.0	2106
Oregon	MG772934.1	83.036	2299	364	23	1513	3798	22935	25220	0.0	2061
Oregon	NC_004718.3	78.321	2989	605	37	833	3798	22291	25259	0.0	1890
Massachussetts	NC_045512.2	98.849	3822	29	2	1	3807	21563	25384	0.0	6800
Massachussetts	MN996532.1	92.187	3827	262	17	1	3807	21545	25354	0.0	5376
Massachussetts	MG772933.1	83.741	2288	350	17	1525	3807	23019	25289	0.0	2145
Massachussetts	MG772934.1	83.153	2309	362	19	1507	3807	22931	25220	0.0	2084
Massachussetts	NC_004718.3	78.100	2863	578	38	962	3807	22429	25259	0.0	1768
