HMMER3/f [3.1b2 | February 2015]
NAME  HH_signal
ACC   PF01085.21
DESC  Hedgehog amino-terminal signalling domain
LENG  161
ALPH  amino
RF    no
MM    no
CONS  yes
CS    yes
MAP   yes
DATE  Thu Oct 14 14:07:19 2021
NSEQ  13
EFFN  0.733154
CKSUM 723873181
GA    22.1 22.1;
TC    22.2 22.1;
NC    21.8 21.8;
BM    hmmbuild HMM.ann SEED.ann
SM    hmmsearch -Z 61295632 -E 1000 --cpu 4 HMM pfamseq
STATS LOCAL MSV      -10.1481  0.70827
STATS LOCAL VITERBI  -11.0606  0.70827
STATS LOCAL FORWARD   -4.7777  0.70827
HMM          A        C        D        E        F        G        H        I        K        L        M        N        P        Q        R        S        T        V        W        Y   
            m->m     m->i     m->d     i->m     i->i     d->m     d->d
  COMPO   2.52292  4.19922  2.80558  2.62579  3.42369  2.84425  3.60573  2.94920  2.62384  2.56902  3.75503  3.02661  3.33892  3.12827  2.78008  2.64051  2.87098  2.69557  4.28332  3.50625
          2.68618  4.42225  2.77519  2.73123  3.46354  2.40513  3.72494  3.29354  2.67741  2.69355  4.24690  2.90347  2.73739  3.18146  2.89801  2.37887  2.77519  2.98518  4.58477  3.61503
          0.05805  4.03275  3.25265  0.61958  0.77255  0.00000        *
      1   2.74158  0.71136  4.28883  4.05916  4.02240  3.33580  4.67787  3.18921  3.88731  3.09817  4.22424  4.01168  4.05285  4.22819  3.98817  3.01326  3.21939  2.92467  5.40948  4.30876      1 c - - X
          2.68618  4.42225  2.77519  2.73123  3.46354  2.40513  3.72494  3.29354  2.67741  2.69355  4.24690  2.90347  2.73739  3.18146  2.89801  2.37887  2.77519  2.98518  4.58477  3.61503
          0.02752  4.00222  4.72457  0.61958  0.77255  0.51748  0.90639
      2   2.66954  4.73935  2.91865  2.57619  4.09107  1.65256  3.17994  3.62164  2.47851  3.21555  4.07216  3.03880  3.85981  2.95524  2.57326  2.73210  2.96603  3.27350  5.35644  4.03107      2 g - - X
          2.68618  4.42225  2.77519  2.73123  3.46354  2.40513  3.72494  3.29354  2.67741  2.69355  4.24690  2.90347  2.73739  3.18146  2.89801  2.37887  2.77519  2.98518  4.58477  3.61503
          0.02752  4.00222  4.72457  0.61958  0.77255  0.51748  0.90639
      3   2.93166  4.66578  3.55313  3.41202  4.39353  3.34603  4.47759  3.97382  3.48071  3.58599  4.64239  3.70494  0.61820  3.86554  3.71029  3.10355  3.38375  3.60415  5.54306  4.51645      3 P - - X
          2.68618  4.42225  2.77519  2.73123  3.46354  2.40513  3.72494  3.29354  2.67741  2.69355  4.24690  2.90347  2.73739  3.18146  2.89801  2.37887  2.77519  2.98518  4.58477  3.61503
          0.02752  4.00222  4.72457  0.61958  0.77255  0.46643  0.98682
      4   2.44878  4.38909  3.21471  2.92541  4.11176  1.30321  4.05914  3.52680  2.96619  2.81861  4.11206  3.24550  3.23942  3.32020  3.30268  2.60112  2.86706  3.12840  5.46492  4.20128      4 g - - X
          2.68618  4.42225  2.77519  2.73123  3.46354  2.40513  3.72494  3.29354  2.67741  2.69355  4.24690  2.90347  2.73739  3.18146  2.89801  2.37887  2.77519  2.98518  4.58477  3.61503
          0.02669  4.03275  4.75509  0.61958  0.77255  0.48576  0.95510
      5   2.78416  5.05387  3.10290  2.52060  4.40230  3.51019  3.22178  3.80718  1.93004  3.30871  4.12139  3.00902  2.97620  2.53353  1.83069  2.77600  2.98874  3.45520  5.43446  4.15085      5 r - - X
          2.68618  4.42225  2.77519  2.73123  3.46354  2.40513  3.72494  3.29354  2.67741  2.69355  4.24690  2.90347  2.73739  3.18146  2.89801  2.37887  2.77519  2.98518  4.58477  3.61503
          0.02669  4.03275  4.75509  0.61958  0.77255  0.48576  0.95510
      6   2.07952  4.39436  3.15996  2.79135  4.21175  1.71355  3.94919  3.62858  2.80382  3.27097  4.09723  3.14301  3.75472  3.15981  2.81297  2.18612  2.78783  3.18125  5.50924  4.24395      6 g - - X
          2.68620  4.42227  2.77522  2.73125  3.46356  2.40515  3.72497  3.29356  2.67743  2.69357  4.24692  2.90337  2.73735  3.18148  2.89803  2.37882  2.77522  2.98520  4.58479  3.61485
          0.32249  1.81985  2.17499  0.29931  1.35220  0.48576  0.95510
      7   2.54303  4.42053  3.20059  2.65266  3.11587  2.79647  3.16083  2.97358  2.62428  2.65529  3.52863  3.10822  3.49408  2.95339  3.02470  2.58064  2.77974  2.61219  4.95039  3.40743      8 a - - .
          2.68618  4.42225  2.77519  2.73123  3.46354  2.40513  3.72494  3.29354  2.67741  2.69355  4.24690  2.90347  2.73739  3.18146  2.89801  2.37887  2.77519  2.98518  4.58477  3.61503
          0.02986  3.92181  4.64416  0.61958  0.77255  0.53397  0.88255
      8   2.11812  4.26307  3.24246  2.88908  4.06803  1.74138  3.99716  3.44204  2.92186  2.80359  3.99886  3.18559  3.72254  3.24610  3.27606  2.12245  2.73399  3.02241  5.42376  4.17149      9 g - - X
          2.68618  4.42225  2.77519  2.73123  3.46354  2.40513  3.72494  3.29354  2.67741  2.69355  4.24690  2.90347  2.73739  3.18146  2.89801  2.37887  2.77519  2.98518  4.58477  3.61503
          0.02874  3.95969  4.68203  0.61958  0.77255  0.44279  1.02790
      9   2.36584  4.79846  2.97443  2.43783  4.12240  3.14422  3.62647  3.54285  2.22168  3.12751  3.93469  2.94597  3.16234  2.77079  2.38871  2.48561  2.56938  3.19592  5.34705  4.01615     10 k - - X
          2.68618  4.42225  2.77519  2.73123  3.46354  2.40513  3.72494  3.29354  2.67741  2.69355  4.24690  2.90347  2.73739  3.18146  2.89801  2.37887  2.77519  2.98518  4.58477  3.61503
          0.02669  4.03275  4.75509  0.61958  0.77255  0.48576  0.95510
     10   2.83743  4.66778  3.50874  2.95855  2.49972  3.63538  3.76915  3.15365  2.55136  2.69483  3.73694  3.34703  4.05112  3.11363  1.51949  2.97129  3.08041  2.96441  4.82953  3.38187     11 r - - X
          2.68618  4.42225  2.77519  2.73123  3.46354  2.40513  3.72494  3.29354  2.67741  2.69355  4.24690  2.90347  2.73739  3.18146  2.89801  2.37887  2.77519  2.98518  4.58477  3.61503
          0.02669  4.03275  4.75509  0.61958  0.77255  0.48576  0.95510
     11   2.59738  4.95545  2.63419  2.34341  4.24947  3.38338  3.14816  3.69475  2.14813  3.23484  3.61421  2.87718  3.26055  2.69258  2.40228  2.50601  2.82721  3.31940  5.41617  4.04869     12 k - - X
          2.68618  4.42225  2.77519  2.73123  3.46354  2.40513  3.72494  3.29354  2.67741  2.69355  4.24690  2.90347  2.73739  3.18146  2.89801  2.37887  2.77519  2.98518  4.58477  3.61503
          0.02669  4.03275  4.75509  0.61958  0.77255  0.48576  0.95510
     12   2.59388  4.80841  2.97596  2.42030  4.05859  3.19118  3.41096  3.25412  2.29883  3.06925  3.88020  2.79485  3.19026  2.75080  2.31678  2.50308  2.82343  3.14862  5.29982  3.65638     13 k - - X
          2.68618  4.42225  2.77519  2.73123  3.46354  2.40513  3.72494  3.29354  2.67741  2.69355  4.24690  2.90347  2.73739  3.18146  2.89801  2.37887  2.77519  2.98518  4.58477  3.61503
          0.02669  4.03275  4.75509  0.61958  0.77255  0.48576  0.95510
     13   2.47486  4.80973  2.64148  2.29611  4.08163  2.93070  3.61552  3.50207  2.41446  3.09690  3.61364  2.91663  2.81475  2.76066  2.88264  2.60395  2.70385  3.00964  5.32992  3.98567     14 e - - X
          2.68618  4.42225  2.77519  2.73123  3.46354  2.40513  3.72494  3.29354  2.67741  2.69355  4.24690  2.90347  2.73739  3.18146  2.89801  2.37887  2.77519  2.98518  4.58477  3.61503
          0.02669  4.03275  4.75509  0.61958  0.77255  0.48576  0.95510
     14   2.83158  5.02385  3.07274  2.57863  4.42701  3.17933  3.64185  3.82591  2.04781  3.33855  4.17362  2.60301  3.92358  2.78291  1.51726  2.83740  3.05326  3.47920  5.46059  4.19931     15 r - - X
          2.68618  4.42225  2.77519  2.73123  3.46354  2.40513  3.72494  3.29354  2.67741  2.69355  4.24690  2.90347  2.73739  3.18146  2.89801  2.37887  2.77519  2.98518  4.58477  3.61503
          0.02669  4.03275  4.75509  0.61958  0.77255  0.48576  0.95510
     15   2.70207  5.01388  2.97546  2.20058  4.33496  3.44757  3.58786  3.36727  1.76364  3.27923  4.07794  2.64458  3.84058  2.71247  2.33714  2.69297  2.92004  3.39449  5.43341  4.10988     16 k - - X
          2.68618  4.42225  2.77520  2.73124  3.46354  2.40513  3.72495  3.29354  2.67741  2.69355  4.24690  2.90347  2.73740  3.18136  2.89801  2.37887  2.77520  2.98519  4.58477  3.61503
          0.05736  3.05469  4.75509  0.50768  0.92102  0.48576  0.95510
     16   2.37623  4.26178  3.69908  3.13199  3.34235  3.64732  3.94778  2.56775  2.99695  1.68794  2.84038  3.48038  4.03189  3.32703  3.06845  2.92592  2.71548  2.40400  4.88253  3.67654     18 l - - X
          2.68618  4.42225  2.77519  2.73123  3.46354  2.40513  3.72494  3.29354  2.67741  2.69355  4.24690  2.90347  2.73739  3.18146  2.89801  2.37887  2.77519  2.98518  4.58477  3.61503
          0.02669  4.03275  4.75509  0.61958  0.77255  0.48576  0.95510
     17   2.57490  4.30305  3.44094  2.87270  3.44600  3.54541  3.79670  2.51338  2.64997  2.50524  3.40708  3.27878  3.92724  3.11956  2.92175  2.79540  2.23912  2.23724  4.88967  3.35792     19 v - - -
          2.68618  4.42225  2.77519  2.73123  3.46354  2.40513  3.72494  3.29354  2.67741  2.69355  4.24690  2.90347  2.73739  3.18146  2.89801  2.37887  2.77519  2.98518  4.58477  3.61503
          0.02669  4.03275  4.75509  0.61958  0.77255  0.48576  0.95510
     18   2.97744  4.70524  3.60239  3.46652  4.44355  3.38381  4.52863  4.03291  3.53807  3.64126  4.69970  3.75584  0.57707  3.92193  3.76322  3.15053  3.43214  3.65954  5.58354  4.56724     20 P - - -
          2.68618  4.42225  2.77519  2.73123  3.46354  2.40513  3.72494  3.29354  2.67741  2.69355  4.24690  2.90347  2.73739  3.18146  2.89801  2.37887  2.77519  2.98518  4.58477  3.61503
          0.02669  4.03275  4.75509  0.61958  0.77255  0.48576  0.95510
     19   3.22698  4.56594  4.82068  4.24412  2.28636  4.44906  4.68401  2.12670  4.11889  1.07903  2.27838  4.46578  4.64575  4.19227  4.21761  3.77890  3.44282  2.36818  4.99708  3.86781     21 l - - -
          2.68618  4.42225  2.77519  2.73123  3.46354  2.40513  3.72494  3.29354  2.67741  2.69355  4.24690  2.90347  2.73739  3.18146  2.89801  2.37887  2.77519  2.98518  4.58477  3.61503
          0.02669  4.03275  4.75509  0.61958  0.77255  0.48576  0.95510
     20   2.50822  4.36657  3.39441  2.82970  3.52836  3.53470  3.78192  2.83746  2.44558  2.14621  3.47266  3.24723  3.59665  3.07380  2.88645  2.79064  2.82878  2.13223  4.95306  3.71429     22 v - - -
          2.68618  4.42225  2.77519  2.73123  3.46354  2.40513  3.72494  3.29354  2.67741  2.69355  4.24690  2.90347  2.73739  3.18146  2.89801  2.37887  2.77519  2.98518  4.58477  3.61503
          0.02669  4.03275  4.75509  0.61958  0.77255  0.48576  0.95510
     21   2.58508  4.24228  3.56466  2.99201  3.07220  3.58553  3.82146  2.45790  2.56882  2.14616  3.33295  3.36232  3.96011  3.21013  2.98037  2.84199  2.81562  2.49755  4.77611  2.69993     23 l - - T
          2.68618  4.42225  2.77519  2.73123  3.46354  2.40513  3.72494  3.29354  2.67741  2.69355  4.24690  2.90347  2.73739  3.18146  2.89801  2.37887  2.77519  2.98518  4.58477  3.61503
          0.02669  4.03275  4.75509  0.61958  0.77255  0.48576  0.95510
     22   2.77210  5.09885  2.97905  2.34193  4.45649  2.87260  3.59242  3.87279  1.68919  3.36267  4.16506  2.96196  3.87173  2.41103  2.23798  2.75052  2.98358  3.50278  5.48362  4.17691     24 k - - T
          2.68618  4.42225  2.77519  2.73123  3.46354  2.40513  3.72494  3.29354  2.67741  2.69355  4.24690  2.90347  2.73739  3.18146  2.89801  2.37887  2.77519  2.98518  4.58477  3.61503
          0.02669  4.03275  4.75509  0.61958  0.77255  0.48576  0.95510
     23   2.81578  5.18711  2.60638  1.86959  4.46468  3.37863  3.31672  3.94691  2.36081  3.45469  4.27594  2.86114  3.86271  1.78517  2.76135  2.77139  3.05331  3.57373  5.58863  4.21446     25 q - - -
          2.68618  4.42225  2.77519  2.73123  3.46354  2.40513  3.72494  3.29354  2.67741  2.69355  4.24690  2.90347  2.73739  3.18146  2.89801  2.37887  2.77519  2.98518  4.58477  3.61503
          0.02669  4.03275  4.75509  0.61958  0.77255  0.48576  0.95510
     24   2.70829  4.43645  3.48699  2.95123  2.51371  3.63259  2.38583  2.96254  2.89038  2.61805  3.54942  3.33017  4.01380  3.19634  3.23489  2.73521  2.74540  2.74084  4.47613  2.39512     26 h - - E
          2.68618  4.42225  2.77519  2.73123  3.46354  2.40513  3.72494  3.29354  2.67741  2.69355  4.24690  2.90347  2.73739  3.18146  2.89801  2.37887  2.77519  2.98518  4.58477  3.61503
          0.02669  4.03275  4.75509  0.61958  0.77255  0.48576  0.95510
     25   2.81589  4.25953  4.19862  3.25757  3.11819  3.98693  4.33835  1.66795  3.54924  2.17243  3.29474  3.92200  4.33170  3.81041  3.78458  3.29290  3.05737  1.43340  5.05181  3.84179     27 v - - E
          2.68618  4.42225  2.77519  2.73123  3.46354  2.40513  3.72494  3.29354  2.67741  2.69355  4.24690  2.90347  2.73739  3.18146  2.89801  2.37887  2.77519  2.98518  4.58477  3.61503
          0.02669  4.03275  4.75509  0.61958  0.77255  0.48576  0.95510
     26   2.97744  4.70524  3.60239  3.46652  4.44355  3.38381  4.52863  4.03291  3.53807  3.64126  4.69970  3.75584  0.57707  3.92193  3.76322  3.15053  3.43214  3.65954  5.58354  4.56724     28 P - - S
          2.68618  4.42225  2.77519  2.73123  3.46354  2.40513  3.72494  3.29354  2.67741  2.69355  4.24690  2.90347  2.73739  3.18146  2.89801  2.37887  2.77519  2.98518  4.58477  3.61503
          0.02669  4.03275  4.75509  0.61958  0.77255  0.48576  0.95510
     27   2.72570  5.16750  2.28670  2.24417  4.46779  3.32571  3.24317  3.94304  2.18191  3.45677  4.24740  1.95229  3.80792  2.77185  2.93647  2.54703  2.97198  3.54379  5.61809  4.20740     29 n - - S
          2.68618  4.42225  2.77519  2.73123  3.46354  2.40513  3.72494  3.29354  2.67741  2.69355  4.24690  2.90347  2.73739  3.18146  2.89801  2.37887  2.77519  2.98518  4.58477  3.61503
          0.02669  4.03275  4.75509  0.61958  0.77255  0.48576  0.95510
     28   2.79445  4.23542  4.25278  3.67712  2.79688  3.94357  4.26235  2.22003  3.56675  1.69353  2.61692  3.91517  4.27470  3.77740  3.75703  3.24288  2.61785  1.75628  4.88740  3.71676     30 l - - S
          2.68618  4.42225  2.77519  2.73123  3.46354  2.40513  3.72494  3.29354  2.67741  2.69355  4.24690  2.90347  2.73739  3.18146  2.89801  2.37887  2.77519  2.98518  4.58477  3.61503
          0.02669  4.03275  4.75509  0.61958  0.77255  0.48576  0.95510
     29   2.15279  4.24915  3.29339  3.03092  4.32130  2.99009  4.16787  3.73611  3.11148  3.42328  4.26067  3.25616  3.18859  3.42258  3.44108  1.12001  2.75979  3.20890  5.65492  4.41410     31 s - - -
          2.68618  4.42225  2.77519  2.73123  3.46354  2.40513  3.72494  3.29354  2.67741  2.69355  4.24690  2.90347  2.73739  3.18146  2.89801  2.37887  2.77519  2.98518  4.58477  3.61503
          0.02669  4.03275  4.75509  0.61958  0.77255  0.48576  0.95510
     30   3.09846  5.23414  2.56651  0.81721  4.60174  3.38339  3.98772  4.08792  2.88908  3.68050  4.65037  3.03512  3.99647  3.20188  3.31242  3.06624  3.40486  3.75630  5.74309  4.46887     32 e - - T
          2.68618  4.42225  2.77519  2.73123  3.46354  2.40513  3.72494  3.29354  2.67741  2.69355  4.24690  2.90347  2.73739  3.18146  2.89801  2.37887  2.77519  2.98518  4.58477  3.61503
          0.02669  4.03275  4.75509  0.61958  0.77255  0.48576  0.95510
     31   2.60828  4.83884  2.93501  2.40760  4.09593  3.15101  3.60818  3.51751  2.30354  3.10369  3.91345  2.49084  3.80462  2.48327  2.69394  2.63001  2.47385  3.18442  5.32722  3.33855     33 k - - T
          2.68618  4.42225  2.77519  2.73123  3.46354  2.40513  3.72494  3.29354  2.67741  2.69355  4.24690  2.90347  2.73739  3.18146  2.89801  2.37887  2.77519  2.98518  4.58477  3.61503
          0.02669  4.03275  4.75509  0.61958  0.77255  0.48576  0.95510
     32   2.35751  4.32304  3.21996  2.89623  4.16692  3.08384  4.03193  3.55950  2.93621  3.25221  4.09600  2.90084  3.75631  3.27337  3.28790  2.00694  1.46754  3.11877  5.50493  4.24762     34 t - - S
          2.68618  4.42225  2.77519  2.73123  3.46354  2.40513  3.72494  3.29354  2.67741  2.69355  4.24690  2.90347  2.73739  3.18146  2.89801  2.37887  2.77519  2.98518  4.58477  3.61503
          0.02669  4.03275  4.75509  0.61958  0.77255  0.48576  0.95510
     33   2.79846  4.28734  4.09592  3.54187  3.29425  3.90941  4.24016  1.88202  3.40980  1.48737  3.22774  3.37849  4.26550  3.69410  3.64785  3.21439  3.04135  1.96552  4.97363  3.76164     35 l - - T
          2.68618  4.42225  2.77519  2.73123  3.46354  2.40513  3.72494  3.29354  2.67741  2.69355  4.24690  2.90347  2.73739  3.18146  2.89801  2.37887  2.77519  2.98518  4.58477  3.61503
          0.02669  4.03275  4.75509  0.61958  0.77255  0.48576  0.95510
     34   2.50438  4.58372  2.90632  2.58910  4.24195  1.79075  3.84484  3.66846  2.68244  3.28601  4.11445  3.02843  3.78612  2.54843  3.08890  2.26616  2.63076  3.25487  5.51362  4.20929     36 g - - T
          2.68618  4.42225  2.77519  2.73123  3.46354  2.40513  3.72494  3.29354  2.67741  2.69355  4.24690  2.90347  2.73739  3.18146  2.89801  2.37887  2.77519  2.98518  4.58477  3.61503
          0.02669  4.03275  4.75509  0.61958  0.77255  0.48576  0.95510
     35   0.80533  4.27905  3.63167  3.43358  4.21810  3.09868  4.43580  3.36807  3.45412  3.24201  4.25851  3.54064  3.85335  3.78107  3.69170  2.62912  2.91775  2.99455  5.62916  4.44815     37 a - - T
          2.68618  4.42225  2.77519  2.73123  3.46354  2.40513  3.72494  3.29354  2.67741  2.69355  4.24690  2.90347  2.73739  3.18146  2.89801  2.37887  2.77519  2.98518  4.58477  3.61503
          0.02669  4.03275  4.75509  0.61958  0.77255  0.48576  0.95510
     36   2.40063  4.32170  3.35308  3.17908  4.23962  3.04897  4.28310  3.78528  3.26374  3.49406  4.40846  3.37613  3.80159  3.60095  3.54289  0.87269  2.89327  3.28495  5.59976  4.32476     38 s - - T
          2.68618  4.42225  2.77519  2.73123  3.46354  2.40513  3.72494  3.29354  2.67741  2.69355  4.24690  2.90347  2.73739  3.18146  2.89801  2.37887  2.77519  2.98518  4.58477  3.61503
          0.02669  4.03275  4.75509  0.61958  0.77255  0.48576  0.95510
     37   2.87603  4.63285  3.58241  3.50354  4.63774  0.51969  4.61154  4.27876  3.70645  3.91201  4.89094  3.74709  4.02899  4.01814  3.92250  3.05297  3.36976  3.77615  5.68802  4.74594     39 G - - -
          2.68618  4.42225  2.77519  2.73123  3.46354  2.40513  3.72494  3.29354  2.67741  2.69355  4.24690  2.90347  2.73739  3.18146  2.89801  2.37887  2.77519  2.98518  4.58477  3.61503
          0.02669  4.03275  4.75509  0.61958  0.77255  0.48576  0.95510
     38   2.69785  4.78173  3.10167  2.58969  4.06219  3.45832  3.67357  3.47565  2.30824  2.87144  3.92661  3.05981  2.06439  2.66581  2.31839  2.75440  2.93787  3.17286  5.29511  4.00783     40 p - - -
          2.68618  4.42225  2.77519  2.73123  3.46354  2.40513  3.72494  3.29354  2.67741  2.69355  4.24690  2.90347  2.73739  3.18146  2.89801  2.37887  2.77519  2.98518  4.58477  3.61503
          0.02669  4.03275  4.75509  0.61958  0.77255  0.48576  0.95510
     39   2.17974  4.41983  3.25077  2.71167  3.68083  3.40540  3.76415  3.04451  2.67980  2.59945  3.61219  3.14688  3.19553  3.01171  3.07664  2.10980  2.79183  2.61344  5.07217  3.53151     41 s - - -
          2.68618  4.42225  2.77519  2.73123  3.46354  2.40513  3.72494  3.29354  2.67741  2.69355  4.24690  2.90347  2.73739  3.18146  2.89801  2.37887  2.77519  2.98518  4.58477  3.61503
          0.02669  4.03275  4.75509  0.61958  0.77255  0.48576  0.95510
     40   2.72069  4.99606  2.77425  1.62014  4.33247  3.38513  3.65511  3.74220  2.35208  3.30454  4.12741  2.91536  3.84495  2.79816  2.43340  2.71615  2.54370  3.38741  5.49311  4.15332     42 e - - -
          2.68618  4.42225  2.77519  2.73123  3.46354  2.40513  3.72494  3.29354  2.67741  2.69355  4.24690  2.90347  2.73739  3.18146  2.89801  2.37887  2.77519  2.98518  4.58477  3.61503
          0.10180  4.03275  2.53752  0.61958  0.77255  0.48576  0.95510
     41   2.77599  4.54240  3.46759  3.37827  4.51824  0.60638  4.49287  4.13939  3.57138  3.78250  4.75923  3.63192  3.93632  3.88867  3.79752  2.95047  3.26402  3.65089  5.59001  4.62321     43 G - - -
          2.68618  4.42225  2.77519  2.73123  3.46354  2.40513  3.72494  3.29354  2.67741  2.69355  4.24690  2.90347  2.73739  3.18146  2.89801  2.37887  2.77519  2.98518  4.58477  3.61503
          0.02874  3.95969  4.68203  0.61958  0.77255  0.44279  1.02790
     42   2.92396  5.05527  3.38041  2.72304  4.44263  3.61680  3.61983  3.79225  1.50289  3.29778  4.15639  3.15240  3.98756  2.75778  1.65493  2.93675  3.11158  3.11789  5.41165  4.19966     44 k - - -
          2.68618  4.42225  2.77519  2.73123  3.46354  2.40513  3.72494  3.29354  2.67741  2.69355  4.24690  2.90347  2.73739  3.18146  2.89801  2.37887  2.77519  2.98518  4.58477  3.61503
          0.02669  4.03275  4.75509  0.61958  0.77255  0.48576  0.95510
     43   3.12131  4.45584  4.77591  4.29757  3.52339  4.41856  5.00879  1.04001  4.16300  2.00805  3.34153  4.51597  4.75004  4.43683  4.35663  3.81972  3.39546  1.52261  5.51247  4.30448     45 i - - -
          2.68618  4.42225  2.77519  2.73123  3.46354  2.40513  3.72494  3.29354  2.67741  2.69355  4.24690  2.90347  2.73739  3.18146  2.89801  2.37887  2.77519  2.98518  4.58477  3.61503
          0.02669  4.03275  4.75509  0.61958  0.77255  0.48576  0.95510
     44   2.61595  4.84278  2.97496  2.42549  4.10640  3.41774  3.60414  3.52443  2.16889  3.10659  3.91658  2.79816  3.81104  2.62138  2.50704  2.35958  2.42058  3.19162  5.32482  3.57302     46 k - - -
          2.68618  4.42225  2.77519  2.73123  3.46354  2.40513  3.72494  3.29354  2.67741  2.69355  4.24690  2.90347  2.73739  3.18146  2.89801  2.37887  2.77519  2.98518  4.58477  3.61503
          0.02669  4.03275  4.75509  0.61958  0.77255  0.48576  0.95510
     45   2.65202  5.04403  3.17428  2.47415  4.42901  3.55658  3.63384  3.79190  1.97447  3.30993  4.15846  3.09148  3.95814  2.77566  1.43358  2.89568  3.08999  3.46741  5.43673  4.20251     47 r - - T
          2.68618  4.42225  2.77519  2.73123  3.46354  2.40513  3.72494  3.29354  2.67741  2.69355  4.24690  2.90347  2.73739  3.18146  2.89801  2.37887  2.77519  2.98518  4.58477  3.61503
          0.02669  4.03275  4.75509  0.61958  0.77255  0.48576  0.95510
     46   2.69676  5.09278  2.26561  2.15950  4.42901  2.50271  3.66379  3.89386  2.51443  3.42934  4.22497  2.27315  3.79949  2.80171  3.02635  2.53573  2.56494  3.49669  5.61373  4.20572     48 e - - T
          2.68618  4.42225  2.77519  2.73123  3.46354  2.40513  3.72494  3.29354  2.67741  2.69355  4.24690  2.90347  2.73739  3.18146  2.89801  2.37887  2.77519  2.98518  4.58477  3.61503
          0.02669  4.03275  4.75509  0.61958  0.77255  0.48576  0.95510
     47   2.58548  4.78577  2.10070  2.40622  4.34997  3.21825  3.78190  3.78101  2.66647  3.38504  4.20294  2.90879  3.78882  2.94817  3.14666  1.73634  2.45918  3.36723  5.59836  4.23525     49 s - - S
          2.68618  4.42225  2.77519  2.73123  3.46354  2.40513  3.72494  3.29354  2.67741  2.69355  4.24690  2.90347  2.73739  3.18146  2.89801  2.37887  2.77519  2.98518  4.58477  3.61503
          0.02669  4.03275  4.75509  0.61958  0.77255  0.48576  0.95510
     48   2.69192  5.00437  2.58234  1.97222  4.37677  3.29984  3.69304  3.82827  2.52749  3.38576  4.19708  2.48647  2.30330  2.84275  3.00563  2.37861  2.96367  3.44367  5.58095  4.19859     50 e - - G
          2.68618  4.42225  2.77519  2.73123  3.46354  2.40513  3.72494  3.29354  2.67741  2.69355  4.24690  2.90347  2.73739  3.18146  2.89801  2.37887  2.77519  2.98518  4.58477  3.61503
          0.02669  4.03275  4.75509  0.61958  0.77255  0.48576  0.95510
     49   2.83601  5.07430  3.06898  2.40043  4.44894  2.90446  3.61530  3.84085  1.90377  3.34139  4.16758  3.02735  3.91771  2.74789  1.63831  2.82828  3.04297  3.49414  5.46197  4.19489     51 r - - G
          2.68618  4.42225  2.77519  2.73123  3.46354  2.40513  3.72494  3.29354  2.67741  2.69355  4.24690  2.90347  2.73739  3.18146  2.89801  2.37887  2.77519  2.98518  4.58477  3.61503
          0.02669  4.03275  4.75509  0.61958  0.77255  0.48576  0.95510
     50   3.59765  4.85420  4.60659  4.28249  1.01036  4.37092  3.51345  3.25434  4.13020  2.58548  3.85822  4.07544  4.68458  4.11982  4.17487  3.74183  3.82296  3.19120  3.66113  1.54597     52 f - - G
          2.68618  4.42225  2.77519  2.73123  3.46354  2.40513  3.72494  3.29354  2.67741  2.69355  4.24690  2.90347  2.73739  3.18146  2.89801  2.37887  2.77519  2.98518  4.58477  3.61503
          0.02669  4.03275  4.75509  0.61958  0.77255  0.48576  0.95510
     51   2.71322  4.95502  3.08877  2.49651  4.26316  3.48211  3.23085  3.67136  1.72565  3.21104  3.57974  2.84184  3.86151  2.72577  2.19256  2.72113  2.76357  3.33103  5.37720  4.07843     53 k - - G
          2.68619  4.42226  2.77521  2.73124  3.46355  2.40514  3.72468  3.29355  2.67742  2.69356  4.24691  2.90348  2.73741  3.18133  2.89802  2.37888  2.77521  2.98519  4.58478  3.61504
          0.11276  2.32252  4.75509  0.38771  1.13510  0.48576  0.95510
     52   2.78863  5.29931  2.11034  1.67667  4.60934  3.30832  3.66123  4.09485  2.01721  3.58224  4.37492  2.76901  3.82031  2.63783  2.98299  2.71699  3.03908  3.67596  5.72798  4.29410     55 e - - G
          2.68618  4.42225  2.77519  2.73123  3.46354  2.40513  3.72494  3.29354  2.67741  2.69355  4.24690  2.90347  2.73739  3.18146  2.89801  2.37887  2.77519  2.98518  4.58477  3.61503
          0.02669  4.03275  4.75509  0.61958  0.77255  0.48576  0.95510
     53   3.33909  4.75539  4.44620  4.08946  3.20367  4.18418  4.69512  2.41927  3.85564  0.70035  3.18138  4.34933  4.59371  4.18543  4.00440  3.77779  3.62702  2.49771  5.13831  3.89773     56 l - - -
          2.68618  4.42225  2.77519  2.73123  3.46354  2.40513  3.72494  3.29354  2.67741  2.69355  4.24690  2.90347  2.73739  3.18146  2.89801  2.37887  2.77519  2.98518  4.58477  3.61503
          0.02669  4.03275  4.75509  0.61958  0.77255  0.48576  0.95510
     54   2.77125  4.30051  3.93544  3.06041  3.52128  3.86246  4.25270  1.91498  3.31744  2.34572  3.42210  3.74632  4.24985  3.63823  3.60309  3.17447  2.85828  1.33019  5.14356  3.92323     57 v - - E
          2.68618  4.42225  2.77519  2.73123  3.46354  2.40513  3.72494  3.29354  2.67741  2.69355  4.24690  2.90347  2.73739  3.18146  2.89801  2.37887  2.77519  2.98518  4.58477  3.61503
          0.02669  4.03275  4.75509  0.61958  0.77255  0.48576  0.95510
     55   2.32654  3.77711  3.32799  2.80461  3.85597  3.26665  3.85094  3.21871  2.73236  2.90904  3.76744  3.18193  2.22955  3.08742  2.83322  2.58799  2.19478  2.89369  5.21997  3.96510     58 t - - E
          2.68618  4.42225  2.77519  2.73123  3.46354  2.40513  3.72494  3.29354  2.67741  2.69355  4.24690  2.90347  2.73739  3.18146  2.89801  2.37887  2.77519  2.98518  4.58477  3.61503
          0.02669  4.03275  4.75509  0.61958  0.77255  0.48576  0.95510
     56   2.86382  4.86094  2.80905  2.71214  4.25042  3.29749  4.06156  3.99827  2.98035  3.62765  4.58402  0.90273  3.95843  3.33687  3.33851  2.92631  3.25236  3.60412  5.53810  4.18900     59 n - - -
          2.68618  4.42225  2.77519  2.73123  3.46354  2.40513  3.72494  3.29354  2.67741  2.69355  4.24690  2.90347  2.73739  3.18146  2.89801  2.37887  2.77519  2.98518  4.58477  3.61503
          0.02669  4.03275  4.75509  0.61958  0.77255  0.48576  0.95510
     57   2.37356  4.37763  3.14419  2.81523  3.33574  3.53994  3.74258  2.89547  2.61916  2.58670  3.48291  3.23520  3.92655  3.08681  3.11931  2.79213  2.83767  2.66398  3.50148  2.29948     60 y - - -
          2.68618  4.42225  2.77519  2.73123  3.46354  2.40513  3.72494  3.29354  2.67741  2.69355  4.24690  2.90347  2.73739  3.18146  2.89801  2.37887  2.77519  2.98518  4.58477  3.61503
          0.02669  4.03275  4.75509  0.61958  0.77255  0.48576  0.95510
     58   2.88010  5.25589  1.98846  2.22213  4.60067  3.24268  3.81574  4.16480  2.79989  3.71578  4.57625  1.32795  3.86372  2.99773  3.33764  2.81932  3.19177  3.74921  5.83105  4.37272     61 n - - -
          2.68618  4.42225  2.77519  2.73123  3.46354  2.40513  3.72494  3.29354  2.67741  2.69355  4.24690  2.90347  2.73739  3.18146  2.89801  2.37887  2.77519  2.98518  4.58477  3.61503
          0.02669  4.03275  4.75509  0.61958  0.77255  0.48576  0.95510
     59   2.30972  4.46138  3.17913  2.74683  4.07322  3.22468  3.86375  3.44094  2.66816  3.10644  3.95923  3.13594  1.87685  3.07146  2.77233  2.58873  2.37841  3.07307  5.38332  4.11690     62 p - - T
          2.68618  4.42225  2.77519  2.73123  3.46354  2.40513  3.72494  3.29354  2.67741  2.69355  4.24690  2.90347  2.73739  3.18146  2.89801  2.37887  2.77519  2.98518  4.58477  3.61503
          0.02669  4.03275  4.75509  0.61958  0.77255  0.48576  0.95510
     60   2.94996  5.43940  1.19724  2.14763  4.75726  3.22764  3.81798  4.32650  2.85814  3.84700  4.71252  2.11877  3.86712  2.99693  3.44950  2.85109  3.25929  3.89373  5.96978  4.46716     63 d - - T
          2.68618  4.42225  2.77519  2.73123  3.46354  2.40513  3.72494  3.29354  2.67741  2.69355  4.24690  2.90347  2.73739  3.18146  2.89801  2.37887  2.77519  2.98518  4.58477  3.61503
          0.02669  4.03275  4.75509  0.61958  0.77255  0.48576  0.95510
     61   3.15729  4.53522  4.55766  4.18177  3.48662  4.23507  4.88257  0.89895  4.01298  2.04291  3.40015  4.40500  4.65342  4.34650  4.19157  3.74825  3.45466  1.86342  5.40865  4.15894     64 i - - E
          2.68618  4.42225  2.77519  2.73123  3.46354  2.40513  3.72494  3.29354  2.67741  2.69355  4.24690  2.90347  2.73739  3.18146  2.89801  2.37887  2.77519  2.98518  4.58477  3.61503
          0.02669  4.03275  4.75509  0.61958  0.77255  0.48576  0.95510
     62   2.74994  4.32898  3.79300  2.56783  3.45257  3.81789  4.11722  1.86857  3.16337  2.06489  3.35834  3.61679  4.17845  3.47523  3.47727  3.09558  2.98737  1.78453  5.05757  3.83813     65 v - - E
          2.68618  4.42225  2.77519  2.73123  3.46354  2.40513  3.72494  3.29354  2.67741  2.69355  4.24690  2.90347  2.73739  3.18146  2.89801  2.37887  2.77519  2.98518  4.58477  3.61503
          0.02669  4.03275  4.75509  0.61958  0.77255  0.48576  0.95510
     63   3.46873  4.82435  4.45868  4.20603  0.78186  4.11598  3.95784  2.97543  4.10967  2.30968  3.68343  4.20303  4.57282  4.23406  4.18968  3.72875  3.77088  2.97748  4.16394  2.51272     66 f - - E
          2.68618  4.42225  2.77519  2.73123  3.46354  2.40513  3.72494  3.29354  2.67741  2.69355  4.24690  2.90347  2.73739  3.18146  2.89801  2.37887  2.77519  2.98518  4.58477  3.61503
          0.02669  4.03275  4.75509  0.61958  0.77255  0.48576  0.95510
     64   3.06661  5.21464  3.47069  2.78579  4.67601  3.68975  3.60577  4.01379  1.47285  3.43705  4.29652  3.19394  4.04422  2.53000  1.45819  3.05130  3.22359  3.68946  5.47309  4.30535     67 r - - -
          2.68618  4.42225  2.77519  2.73123  3.46354  2.40513  3.72494  3.29354  2.67741  2.69355  4.24690  2.90347  2.73739  3.18146  2.89801  2.37887  2.77519  2.98518  4.58477  3.61503
          0.10180  4.03275  2.53752  0.61958  0.77255  0.48576  0.95510
     65   2.93562  5.49405  1.24628  1.92688  4.77847  3.19755  3.75710  4.30299  2.78976  3.81080  4.66962  2.43584  3.82882  2.92850  3.38892  2.81907  3.22977  3.87828  5.97129  4.45869     68 d - - -
          2.68618  4.42225  2.77519  2.73123  3.46354  2.40513  3.72494  3.29354  2.67741  2.69355  4.24690  2.90347  2.73739  3.18146  2.89801  2.37887  2.77519  2.98518  4.58477  3.61503
          0.02874  3.95969  4.68203  0.61958  0.77255  0.44279  1.02790
     66   2.89189  5.40852  1.96583  1.27690  4.71542  3.25252  3.75194  4.21379  2.71649  3.72784  4.56173  2.72473  3.84634  2.91078  3.28061  2.57068  3.17328  3.79568  5.89441  4.41547     69 e - - -
          2.68618  4.42225  2.77519  2.73123  3.46354  2.40513  3.72494  3.29354  2.67741  2.69355  4.24690  2.90347  2.73739  3.18146  2.89801  2.37887  2.77519  2.98518  4.58477  3.61503
          0.02669  4.03275  4.75509  0.61958  0.77255  0.48576  0.95510
     67   2.96216  5.47835  1.92526  1.14608  4.77349  3.25568  3.79278  4.27948  2.78795  3.79995  4.65903  2.73249  3.87102  2.96152  3.35907  2.85664  3.25003  3.86684  5.94796  4.47028     70 e - - -
          2.68618  4.42225  2.77519  2.73123  3.46354  2.40513  3.72494  3.29354  2.67741  2.69355  4.24690  2.90347  2.73739  3.18146  2.89801  2.37887  2.77519  2.98518  4.58477  3.61503
          0.02669  4.03275  4.75509  0.61958  0.77255  0.48576  0.95510
     68   2.75999  5.16978  2.51721  1.91486  4.49202  2.34734  3.66697  3.95363  2.20803  3.47468  4.27930  2.30523  3.82560  2.80618  2.93865  2.71402  3.01241  3.56117  5.64257  4.24268     71 e - - -
          2.68618  4.42225  2.77519  2.73123  3.46354  2.40513  3.72494  3.29354  2.67741  2.69355  4.24690  2.90347  2.73739  3.18146  2.89801  2.37887  2.77519  2.98518  4.58477  3.61503
          0.02669  4.03275  4.75509  0.61958  0.77255  0.48576  0.95510
     69   2.21245  4.59088  2.52384  2.54676  4.17070  3.21767  3.80053  3.56996  2.67136  3.20980  4.03327  3.00490  3.77552  2.98050  3.11889  2.13818  1.95439  3.18012  5.45831  4.14219     72 t - - -
          2.68618  4.42225  2.77519  2.73123  3.46354  2.40513  3.72494  3.29354  2.67741  2.69355  4.24690  2.90347  2.73739  3.18146  2.89801  2.37887  2.77519  2.98518  4.58477  3.61503
          0.02669  4.03275  4.75509  0.61958  0.77255  0.48576  0.95510
     70   2.44079  4.49395  2.84626  2.66288  4.41177  1.50239  4.00029  3.88882  2.93014  3.50930  4.33411  2.41022  3.76014  3.21375  3.33787  2.22095  2.86904  3.37680  5.69688  4.38807     73 g - - -
          2.68618  4.42225  2.77519  2.73123  3.46354  2.40513  3.72494  3.29354  2.67741  2.69355  4.24690  2.90347  2.73739  3.18146  2.89801  2.37887  2.77519  2.98518  4.58477  3.61503
          0.02669  4.03275  4.75509  0.61958  0.77255  0.48576  0.95510
     71   1.99748  4.69652  2.94608  2.23808  3.99583  3.36877  3.67589  3.14948  2.50194  3.02467  3.85597  2.64937  3.81063  2.84812  2.94660  2.49415  2.70066  3.07076  5.28908  3.97128     74 a - - -
          2.68618  4.42225  2.77519  2.73123  3.46354  2.40513  3.72494  3.29354  2.67741  2.69355  4.24690  2.90347  2.73739  3.18146  2.89801  2.37887  2.77519  2.98518  4.58477  3.61503
          0.02669  4.03275  4.75509  0.61958  0.77255  0.48576  0.95510
     72   2.57920  5.29588  1.28974  2.17428  4.68785  3.22609  3.79112  4.18326  2.78711  3.72872  4.57349  2.32597  3.84399  2.96052  3.35551  2.78889  3.16704  3.75768  5.89976  4.42585     75 d - - -
          2.68618  4.42225  2.77519  2.73123  3.46354  2.40513  3.72494  3.29354  2.67741  2.69355  4.24690  2.90347  2.73739  3.18146  2.89801  2.37887  2.77519  2.98518  4.58477  3.61503
          0.02669  4.03275  4.75509  0.61958  0.77255  0.48576  0.95510
     73   3.19379  5.01651  3.70154  3.18249  4.41206  3.64757  3.95170  3.96714  2.31750  3.45406  4.45236  3.52877  4.14444  3.16608  0.75914  3.27165  3.45017  3.68474  5.43139  4.30708     76 r - - -
          2.68618  4.42225  2.77519  2.73123  3.46354  2.40513  3.72494  3.29354  2.67741  2.69355  4.24690  2.90347  2.73739  3.18146  2.89801  2.37887  2.77519  2.98518  4.58477  3.61503
          0.02669  4.03275  4.75509  0.61958  0.77255  0.48576  0.95510
     74   2.73242  4.21417  4.08662  3.50802  2.67715  3.84141  4.12595  2.05097  3.39040  1.67159  3.11104  3.77129  4.18316  3.62790  2.99069  3.12949  2.96322  2.06712  4.80648  3.61160     77 l - - E
          2.68618  4.42225  2.77519  2.73123  3.46354  2.40513  3.72494  3.29354  2.67741  2.69355  4.24690  2.90347  2.73739  3.18146  2.89801  2.37887  2.77519  2.98518  4.58477  3.61503
          0.02669  4.03275  4.75509  0.61958  0.77255  0.48576  0.95510
     75   2.94925  4.48257  4.04078  3.53899  2.99278  3.93900  4.12277  2.51552  3.33497  1.91547  1.48179  3.82413  4.30586  3.66534  3.55946  3.27996  3.19682  2.49371  4.73073  2.92592     78 m - - E
          2.68618  4.42226  2.77510  2.73124  3.46354  2.40513  3.72495  3.29354  2.67741  2.69355  4.24690  2.90347  2.73740  3.18147  2.89801  2.37887  2.77520  2.98519  4.58477  3.61504
          0.07049  2.82248  4.75509  0.47218  0.97721  0.48576  0.95510
     76   2.06795  4.19927  3.46437  3.11478  4.18897  3.01329  4.16227  3.51658  3.11871  3.26101  4.10999  3.30708  3.72860  3.42995  3.43998  1.81408  1.50506  3.05321  5.55103  4.33167     80 t - - -
          2.68618  4.42225  2.77519  2.73123  3.46354  2.40513  3.72494  3.29354  2.67741  2.69355  4.24690  2.90347  2.73739  3.18146  2.89801  2.37887  2.77519  2.98518  4.58477  3.61503
          0.02669  4.03275  4.75509  0.61958  0.77255  0.48576  0.95510
     77   2.68581  5.02904  2.84168  2.28494  4.35178  3.09397  3.60142  3.78706  1.76995  3.31195  4.10557  2.89849  3.41110  2.39484  2.68435  2.66978  2.75416  3.41362  5.47422  4.12578     81 k - - H
          2.68618  4.42225  2.77519  2.73123  3.46354  2.40513  3.72494  3.29354  2.67741  2.69355  4.24690  2.90347  2.73739  3.18146  2.89801  2.37887  2.77519  2.98518  4.58477  3.61503
          0.02669  4.03275  4.75509  0.61958  0.77255  0.48576  0.95510
     78   2.75548  4.71854  3.39586  2.80323  4.01366  3.53471  3.73775  2.95017  2.26832  2.94294  3.88255  3.21448  3.96198  2.92473  1.48816  2.85623  2.72585  3.02272  5.27507  4.03020     82 r - - H
          2.68618  4.42225  2.77519  2.73123  3.46354  2.40513  3.72494  3.29354  2.67741  2.69355  4.24690  2.90347  2.73739  3.18146  2.89801  2.37887  2.77519  2.98518  4.58477  3.61503
          0.02669  4.03275  4.75509  0.61958  0.77255  0.48576  0.95510
     79   2.63210  1.23324  4.21955  3.81973  3.55905  3.45792  4.43482  2.58628  3.58524  2.28092  3.67096  3.86391  4.09595  3.93452  3.75769  2.94333  3.04018  2.39986  5.18259  3.90118     83 c - - H
          2.68618  4.42225  2.77519  2.73123  3.46354  2.40513  3.72494  3.29354  2.67741  2.69355  4.24690  2.90347  2.73739  3.18146  2.89801  2.37887  2.77519  2.98518  4.58477  3.61503
          0.02669  4.03275  4.75509  0.61958  0.77255  0.48576  0.95510
     80   2.83827  5.11917  2.98211  2.23434  4.49246  3.49586  3.61475  3.89338  1.44528  3.38368  4.20471  2.99467  3.90831  2.74445  2.27808  2.63078  3.04751  3.53611  5.49724  4.21422     84 k - - H
          2.68618  4.42225  2.77519  2.73123  3.46354  2.40513  3.72494  3.29354  2.67741  2.69355  4.24690  2.90347  2.73739  3.18146  2.89801  2.37887  2.77519  2.98518  4.58477  3.61503
          0.02669  4.03275  4.75509  0.61958  0.77255  0.48576  0.95510
     81   2.55643  5.21043  1.92382  1.78665  4.51978  3.31132  3.65160  3.99370  2.48033  3.50381  4.29461  2.78358  3.80832  2.78318  2.59658  2.68612  2.99250  3.58632  5.66578  4.24258     85 e - - H
          2.68618  4.42225  2.77519  2.73123  3.46354  2.40513  3.72494  3.29354  2.67741  2.69355  4.24690  2.90347  2.73739  3.18146  2.89801  2.37887  2.77519  2.98518  4.58477  3.61503
          0.02669  4.03275  4.75509  0.61958  0.77255  0.48576  0.95510
     82   2.77911  3.59437  3.30191  2.67632  4.20274  3.53795  3.64491  3.56929  1.49922  3.14491  3.99679  3.12066  3.92919  2.80049  2.05618  2.82662  2.99593  3.26242  5.32666  4.08320     86 k - - H
          2.68618  4.42225  2.77519  2.73123  3.46354  2.40513  3.72494  3.29354  2.67741  2.69355  4.24690  2.90347  2.73739  3.18146  2.89801  2.37887  2.77519  2.98518  4.58477  3.61503
          0.02669  4.03275  4.75509  0.61958  0.77255  0.48576  0.95510
     83   3.16751  4.56916  4.61208  4.11196  3.21472  4.32160  4.75569  2.09179  3.93261  1.00552  3.06448  4.36543  4.63529  4.17685  4.10917  3.70544  3.43003  1.77466  5.21994  4.04696     87 l - - H
          2.68618  4.42225  2.77519  2.73123  3.46354  2.40513  3.72494  3.29354  2.67741  2.69355  4.24690  2.90347  2.73739  3.18146  2.89801  2.37887  2.77519  2.98518  4.58477  3.61503
          0.02669  4.03275  4.75509  0.61958  0.77255  0.48576  0.95510
     84   2.81866  5.31001  1.87372  2.19101  4.61936  3.28907  3.69537  4.11220  2.14678  3.61416  4.42232  1.90960  3.83044  2.83842  3.07586  2.74489  3.08081  3.69761  5.76681  4.32327     88 d - - H
          2.68618  4.42225  2.77519  2.73123  3.46354  2.40513  3.72494  3.29354  2.67741  2.69355  4.24690  2.90347  2.73739  3.18146  2.89801  2.37887  2.77519  2.98518  4.58477  3.61503
          0.02669  4.03275  4.75509  0.61958  0.77255  0.48576  0.95510
     85   2.32397  4.28776  3.43679  2.87096  3.42897  3.53913  3.79595  2.33527  2.81201  2.38283  3.39364  2.86331  3.92122  3.12509  3.00617  2.78702  2.66252  2.43558  4.87503  3.32327     89 a - - H
          2.68618  4.42225  2.77519  2.73123  3.46354  2.40513  3.72494  3.29354  2.67741  2.69355  4.24690  2.90347  2.73739  3.18146  2.89801  2.37887  2.77519  2.98518  4.58477  3.61503
          0.02669  4.03275  4.75509  0.61958  0.77255  0.48576  0.95510
     86   3.33909  4.75539  4.44620  4.08946  3.20367  4.18418  4.69512  2.41927  3.85564  0.70035  3.18138  4.34933  4.59371  4.18543  4.00440  3.77779  3.62702  2.49771  5.13831  3.89773     90 l - - H
          2.68618  4.42225  2.77519  2.73123  3.46354  2.40513  3.72494  3.29354  2.67741  2.69355  4.24690  2.90347  2.73739  3.18146  2.89801  2.37887  2.77519  2.98518  4.58477  3.61503
          0.02669  4.03275  4.75509  0.61958  0.77255  0.48576  0.95510
     87   1.12389  4.16227  3.50145  3.23450  4.27315  2.96034  4.27801  3.60685  3.27658  3.37163  4.22900  3.35514  3.71776  3.57005  3.56570  1.86261  2.73111  3.10048  5.64647  4.43266     91 a - - H
          2.68618  4.42225  2.77519  2.73123  3.46354  2.40513  3.72494  3.29354  2.67741  2.69355  4.24690  2.90347  2.73739  3.18146  2.89801  2.37887  2.77519  2.98518  4.58477  3.61503
          0.02669  4.03275  4.75509  0.61958  0.77255  0.48576  0.95510
     88   2.58208  4.22986  3.62262  3.08857  3.37178  3.56602  3.92125  1.87895  3.00287  2.42738  3.37498  3.42998  3.98620  3.31324  3.30375  2.30694  2.65320  2.39334  4.86986  3.29240     92 i - - H
          2.68618  4.42225  2.77519  2.73123  3.46354  2.40513  3.72494  3.29354  2.67741  2.69355  4.24690  2.90347  2.73739  3.18146  2.89801  2.37887  2.77519  2.98518  4.58477  3.61503
          0.02669  4.03275  4.75509  0.61958  0.77255  0.48576  0.95510
     89   2.24463  4.37634  3.35472  2.83355  3.64184  3.42424  3.82124  2.97339  2.71391  1.98631  3.58828  3.23114  3.88627  3.09731  2.80659  2.25053  2.82419  2.72010  5.05411  3.80588     93 l - - H
          2.68618  4.42225  2.77519  2.73123  3.46354  2.40513  3.72494  3.29354  2.67741  2.69355  4.24690  2.90347  2.73739  3.18146  2.89801  2.37887  2.77519  2.98518  4.58477  3.61503
          0.02669  4.03275  4.75509  0.61958  0.77255  0.48576  0.95510
     90   2.75829  4.32514  4.21013  3.82450  3.71540  3.74354  4.64786  2.04986  3.69828  2.39207  3.59579  3.98923  4.30991  4.03976  3.92519  3.17867  2.79415  1.00477  5.48120  4.24697     94 v - - H
          2.68618  4.42225  2.77519  2.73123  3.46354  2.40513  3.72494  3.29354  2.67741  2.69355  4.24690  2.90347  2.73739  3.18146  2.89801  2.37887  2.77519  2.98518  4.58477  3.61503
          0.02669  4.03275  4.75509  0.61958  0.77255  0.48576  0.95510
     91   2.35201  4.50329  3.31491  2.75086  3.68525  3.51565  3.74004  3.03721  2.51723  2.68950  2.31418  3.18617  3.91357  2.80752  2.40673  2.78177  2.87034  2.79980  5.06286  3.81526     95 m - - H
          2.68618  4.42225  2.77519  2.73123  3.46354  2.40513  3.72494  3.29354  2.67741  2.69355  4.24690  2.90347  2.73739  3.18146  2.89801  2.37887  2.77519  2.98518  4.58477  3.61503
          0.02669  4.03275  4.75509  0.61958  0.77255  0.48576  0.95510
     92   2.85676  5.20118  2.52188  2.17601  4.53163  3.35219  3.70385  3.98169  2.14449  3.50946  4.34679  1.56981  3.87750  2.85741  2.83020  2.81107  3.11059  3.60941  5.65900  4.28922     96 n - - H
          2.68618  4.42225  2.77519  2.73123  3.46354  2.40513  3.72494  3.29354  2.67741  2.69355  4.24690  2.90347  2.73739  3.18146  2.89801  2.37887  2.77519  2.98518  4.58477  3.61503
          0.02669  4.03275  4.75509  0.61958  0.77255  0.48576  0.95510
     93   2.62118  4.88691  2.96142  2.15598  4.15840  3.41604  3.33603  3.58286  2.30833  2.96841  3.63340  2.92729  3.80696  2.17567  2.59500  2.63278  2.72778  3.23933  5.35376  4.01636     97 e - - H
          2.68618  4.42225  2.77519  2.73123  3.46354  2.40513  3.72494  3.29354  2.67741  2.69355  4.24690  2.90347  2.73739  3.18146  2.89801  2.37887  2.77519  2.98518  4.58477  3.61503
          0.02669  4.03275  4.75509  0.61958  0.77255  0.48576  0.95510
     94   3.61507  4.93037  4.34474  4.09232  2.84802  3.91688  4.11089  3.64826  3.81249  3.01431  4.27421  4.20968  4.44854  4.19179  3.91175  3.81712  3.92417  3.54296  0.61591  2.84218     98 W - - S
          2.68618  4.42225  2.77519  2.73123  3.46354  2.40513  3.72494  3.29354  2.67741  2.69355  4.24690  2.90347  2.73739  3.18146  2.89801  2.37887  2.77519  2.98518  4.58477  3.61503
          0.02669  4.03275  4.75509  0.61958  0.77255  0.48576  0.95510
     95   2.29332  4.40328  3.30915  2.77967  3.64539  3.44582  3.80769  2.59256  2.72584  2.66102  3.57343  3.20351  2.36404  2.89362  3.10269  2.72297  2.82040  2.51138  5.06678  3.81228     99 a - - T
          2.68618  4.42225  2.77519  2.73123  3.46354  2.40513  3.72494  3.29354  2.67741  2.69355  4.24690  2.90347  2.73739  3.18146  2.89801  2.37887  2.77519  2.98518  4.58477  3.61503
          0.02669  4.03275  4.75509  0.61958  0.77255  0.48576  0.95510
     96   2.61295  4.69770  2.93422  2.60693  4.28362  1.62589  3.81156  3.73601  2.52461  3.32871  4.16876  2.76555  3.83871  2.99537  2.37649  2.68348  2.94534  3.33891  5.50048  4.20545    100 g - - T
          2.68619  4.42226  2.77503  2.73124  3.46355  2.40514  3.72495  3.29355  2.67742  2.69356  4.24691  2.90348  2.73741  3.18147  2.89802  2.37888  2.77520  2.98519  4.58478  3.61504
          0.10180  2.42837  4.75509  0.40622  1.09710  0.48576  0.95510
     97   3.06639  4.42106  4.70083  4.22099  3.58631  4.34226  4.95887  1.60807  4.09512  2.11708  3.41372  4.44022  4.70208  4.38605  4.30615  3.73881  3.34683  0.97721  5.52834  4.30158    102 v - - -
          2.68618  4.42225  2.77519  2.73123  3.46354  2.40513  3.72494  3.29354  2.67741  2.69355  4.24690  2.90347  2.73739  3.18146  2.89801  2.37887  2.77519  2.98518  4.58477  3.61503
          0.02669  4.03275  4.75509  0.61958  0.77255  0.48576  0.95510
     98   2.90135  5.11182  3.25556  2.63830  4.50092  3.58600  3.27629  3.88613  1.49540  3.35966  4.19302  3.09260  3.95900  2.73052  1.80270  2.66138  3.08918  3.54644  5.44529  4.21046    103 k - - -
          2.68618  4.42225  2.77519  2.73123  3.46354  2.40513  3.72494  3.29354  2.67741  2.69355  4.24690  2.90347  2.73739  3.18146  2.89801  2.37887  2.77519  2.98518  4.58477  3.61503
          0.02669  4.03275  4.75509  0.61958  0.77255  0.48576  0.95510
     99   3.18523  4.59400  4.60498  4.11171  3.19167  4.32046  4.75159  2.12410  3.92186  0.94975  3.04677  4.36673  4.63671  4.17047  4.09607  3.71036  3.44973  1.88741  5.20674  4.02991    104 l - - E
          2.68618  4.42225  2.77519  2.73123  3.46354  2.40513  3.72494  3.29354  2.67741  2.69355  4.24690  2.90347  2.73739  3.18146  2.89801  2.37887  2.77519  2.98518  4.58477  3.61503
          0.02669  4.03275  4.75509  0.61958  0.77255  0.48576  0.95510
    100   2.96929  5.09829  3.41761  2.74183  4.48007  3.64980  3.60951  3.83851  1.74536  3.00029  4.17568  3.16572  4.00656  2.53156  1.44037  2.97486  3.14216  3.52645  5.41217  4.21309    105 r - - E
          2.68618  4.42225  2.77519  2.73123  3.46354  2.40513  3.72494  3.29354  2.67741  2.69355  4.24690  2.90347  2.73739  3.18146  2.89801  2.37887  2.77519  2.98518  4.58477  3.61503
          0.02669  4.03275  4.75509  0.61958  0.77255  0.48576  0.95510
    101   2.93610  4.43738  4.34489  4.01560  3.67190  3.88705  4.79112  2.05563  3.88585  2.33277  3.61523  4.17897  4.44055  4.23530  4.08252  3.40274  3.29496  0.84450  5.48256  4.22300    106 v - - E
          2.68618  4.42225  2.77519  2.73123  3.46354  2.40513  3.72494  3.29354  2.67741  2.69355  4.24690  2.90347  2.73739  3.18146  2.89801  2.37887  2.77519  2.98518  4.58477  3.61503
          0.02669  4.03275  4.75509  0.61958  0.77255  0.48576  0.95510
    102   2.84691  4.31122  4.20894  3.65788  3.41766  3.99932  4.39882  1.62539  3.55096  1.89496  3.29553  3.94541  4.35756  3.82712  3.79978  3.31434  2.19712  1.81631  5.14009  3.94603    107 i - - E
          2.68618  4.42225  2.77519  2.73123  3.46354  2.40513  3.72494  3.29354  2.67741  2.69355  4.24690  2.90347  2.73739  3.18146  2.89801  2.37887  2.77519  2.98518  4.58477  3.61503
          0.02669  4.03275  4.75509  0.61958  0.77255  0.48576  0.95510
    103   2.74305  5.16331  2.39822  1.53468  4.47543  3.32718  3.65398  3.93939  2.45292  3.46000  4.25900  2.81023  3.81829  2.78938  2.55630  2.51620  2.99202  3.54577  5.62574  4.22308    108 e - - E
          2.68618  4.42225  2.77519  2.73123  3.46354  2.40513  3.72494  3.29354  2.67741  2.69355  4.24690  2.90347  2.73739  3.18146  2.89801  2.37887  2.77519  2.98518  4.58477  3.61503
          0.02669  4.03275  4.75509  0.61958  0.77255  0.48576  0.95510
    104   1.20977  4.16653  3.43741  3.17020  4.33048  2.09358  4.25272  3.72841  3.25666  3.43278  4.25750  3.31555  3.69928  3.52939  3.56769  2.19698  2.71713  3.17560  5.67656  4.46937    109 a - - S
          2.68618  4.42225  2.77519  2.73123  3.46354  2.40513  3.72494  3.29354  2.67741  2.69355  4.24690  2.90347  2.73739  3.18146  2.89801  2.37887  2.77519  2.98518  4.58477  3.61503
          0.02669  4.03275  4.75509  0.61958  0.77255  0.48576  0.95510
    105   3.47534  4.82268  4.38950  4.00840  2.06583  4.22005  3.52438  3.34638  3.75597  2.73021  3.93075  3.94991  4.56889  3.93773  3.87474  3.60939  3.70509  3.23149  1.28366  1.72561    110 w - - S
          2.68618  4.42225  2.77519  2.73123  3.46354  2.40513  3.72494  3.29354  2.67741  2.69355  4.24690  2.90347  2.73739  3.18146  2.89801  2.37887  2.77519  2.98518  4.58477  3.61503
          0.02669  4.03275  4.75509  0.61958  0.77255  0.48576  0.95510
    106   2.81467  5.03207  1.17948  2.35247  4.34860  3.27852  3.86558  3.69448  2.84388  3.41926  4.36357  2.89253  3.88576  3.06210  3.35393  2.81249  3.13672  2.95335  5.68189  4.25932    111 d - - -
          2.68618  4.42225  2.77519  2.73123  3.46354  2.40513  3.72494  3.29354  2.67741  2.69355  4.24690  2.90347  2.73739  3.18146  2.89801  2.37887  2.77519  2.98518  4.58477  3.61503
          0.02669  4.03275  4.75509  0.61958  0.77255  0.48576  0.95510
    107   2.92960  5.50116  1.56187  1.49299  4.80334  2.85570  3.76483  4.32048  2.76359  3.81267  4.64902  2.70386  3.85051  2.92481  3.35569  2.81911  3.21422  3.88671  5.97013  4.46888    112 e - - S
          2.68618  4.42225  2.77519  2.73123  3.46354  2.40513  3.72494  3.29354  2.67741  2.69355  4.24690  2.90347  2.73739  3.18146  2.89801  2.37887  2.77519  2.98518  4.58477  3.61503
          0.06299  4.03275  3.13907  0.61958  0.77255  0.48576  0.95510
    108   2.83012  5.11747  1.40671  2.27359  4.65717  1.89597  3.86788  4.17742  2.88627  3.73553  4.59468  2.82473  3.84563  3.05593  3.43268  2.79736  3.16935  3.73525  5.84960  4.45412    113 d - - S
          2.68618  4.42225  2.77519  2.73123  3.46354  2.40513  3.72494  3.29354  2.67741  2.69355  4.24690  2.90347  2.73739  3.18146  2.89801  2.37887  2.77519  2.98518  4.58477  3.61503
          0.02766  3.99741  4.71976  0.61958  0.77255  0.52230  0.89932
    109   2.59645  4.76513  2.83691  2.30423  4.05384  2.44070  3.65650  3.47200  2.48182  3.08245  3.90760  2.56518  3.80017  2.82153  2.93647  2.51064  2.54814  3.14374  5.32898  3.56189    114 e - - S
          2.68622  4.42229  2.77524  2.73127  3.46358  2.40517  3.72499  3.29358  2.67713  2.69359  4.24694  2.90351  2.73744  3.18151  2.89785  2.37879  2.77524  2.98523  4.58481  3.61507
          0.10566  2.39304  4.71976  1.01132  0.45214  0.52230  0.89932
    110   2.64326  4.89781  2.46674  2.35876  4.11918  3.37242  2.33482  3.58549  2.41094  2.93050  3.98249  2.88883  3.80600  2.63402  2.86275  2.65113  2.71905  3.24766  5.36409  3.99985    119 h - - -
          2.68618  4.42225  2.77519  2.73123  3.46354  2.40513  3.72494  3.29354  2.67741  2.69355  4.24690  2.90347  2.73739  3.18146  2.89801  2.37887  2.77519  2.98518  4.58477  3.61503
          0.02766  3.99741  4.71976  0.61958  0.77255  0.46358  0.99164
    111   2.71442  4.79313  3.14019  2.58630  3.46571  3.50606  2.08829  3.43365  2.19107  3.02560  3.88205  3.06212  3.89584  2.82758  2.35694  2.76679  2.93413  3.14160  5.14875  3.79475    120 h - - S
          2.68618  4.42225  2.77519  2.73123  3.46354  2.40513  3.72494  3.29354  2.67741  2.69355  4.24690  2.90347  2.73739  3.18146  2.89801  2.37887  2.77519  2.98518  4.58477  3.61503
          0.02669  4.03275  4.75509  0.61958  0.77255  0.48576  0.95510
    112   2.02552  4.49465  3.10258  2.63882  4.00815  2.58020  3.79619  3.41178  2.66004  2.78577  3.89103  2.84813  2.67895  2.99358  3.08027  2.46194  2.78866  3.05333  5.32682  4.03780    121 a - - -
          2.68618  4.42225  2.77519  2.73123  3.46354  2.40513  3.72494  3.29354  2.67741  2.69355  4.24690  2.90347  2.73739  3.18146  2.89801  2.37887  2.77519  2.98518  4.58477  3.61503
          0.02669  4.03275  4.75509  0.61958  0.77255  0.48576  0.95510
    113   2.63895  5.08419  2.56742  2.13665  4.39824  3.12084  3.58545  3.86533  2.26781  3.37329  4.14073  2.66928  2.86161  2.39417  2.67040  2.60504  2.87446  3.45958  5.52993  4.13193    122 e - - S
          2.68618  4.42225  2.77519  2.73123  3.46354  2.40513  3.72494  3.29354  2.67741  2.69355  4.24690  2.90347  2.73739  3.18146  2.89801  2.37887  2.77519  2.98518  4.58477  3.61503
          0.02669  4.03275  4.75509  0.61958  0.77255  0.48576  0.95510
    114   2.76439  5.25963  1.81344  2.01686  4.55788  2.79393  2.98201  4.04524  2.53700  3.55013  4.34316  2.61180  3.80938  2.80180  3.06926  2.52968  3.01958  3.63188  5.71369  4.27238    123 d - - -
          2.68618  4.42225  2.77519  2.73123  3.46354  2.40513  3.72494  3.29354  2.67741  2.69355  4.24690  2.90347  2.73739  3.18146  2.89801  2.37887  2.77519  2.98518  4.58477  3.61503
          0.02669  4.03275  4.75509  0.61958  0.77255  0.48576  0.95510
    115   2.33829  4.31253  3.22492  2.96141  4.29569  3.03046  4.12179  3.75707  3.04687  3.42120  4.26457  3.23145  2.65301  3.37018  3.38834  1.17596  2.79831  3.24580  5.61932  4.35931    124 s - - -
          2.68618  4.42225  2.77519  2.73123  3.46354  2.40513  3.72494  3.29354  2.67741  2.69355  4.24690  2.90347  2.73739  3.18146  2.89801  2.37887  2.77519  2.98518  4.58477  3.61503
          0.02669  4.03275  4.75509  0.61958  0.77255  0.48576  0.95510
    116   3.33909  4.75539  4.44620  4.08946  3.20367  4.18418  4.69512  2.41927  3.85564  0.70035  3.18138  4.34933  4.59371  4.18543  4.00440  3.77779  3.62702  2.49771  5.13831  3.89773    125 l - - G
          2.68618  4.42225  2.77519  2.73123  3.46354  2.40513  3.72494  3.29354  2.67741  2.69355  4.24690  2.90347  2.73739  3.18146  2.89801  2.37887  2.77519  2.98518  4.58477  3.61503
          0.02669  4.03275  4.75509  0.61958  0.77255  0.48576  0.95510
    117   3.18488  4.96922  3.29584  3.07452  3.40774  3.59228  0.84494  3.91262  2.91369  3.38524  4.44282  3.47630  4.15497  3.44360  3.16843  3.25489  3.49480  3.64482  4.87010  3.35464    126 h - - G
          2.68618  4.42225  2.77519  2.73123  3.46354  2.40513  3.72494  3.29354  2.67741  2.69355  4.24690  2.90347  2.73739  3.18146  2.89801  2.37887  2.77519  2.98518  4.58477  3.61503
          0.02669  4.03275  4.75509  0.61958  0.77255  0.48576  0.95510
    118   3.24705  4.70958  4.09568  3.68431  1.85751  4.06967  3.52624  3.24214  3.58704  2.73646  3.85017  3.16843  4.43082  3.75478  3.78597  3.39869  3.48175  3.08170  3.79737  1.13196    127 y - - G
          2.68618  4.42225  2.77519  2.73123  3.46354  2.40513  3.72494  3.29354  2.67741  2.69355  4.24690  2.90347  2.73739  3.18146  2.89801  2.37887  2.77519  2.98518  4.58477  3.61503
          0.02669  4.03275  4.75509  0.61958  0.77255  0.48576  0.95510
    119   2.80695  5.10245  2.43615  1.25179  4.51275  3.26945  3.78807  3.96834  2.66238  3.55255  4.41038  2.84170  3.85798  2.96111  3.12736  2.35453  3.11041  3.57992  5.72763  4.32514    128 e - - G
          2.68618  4.42225  2.77519  2.73123  3.46354  2.40513  3.72494  3.29354  2.67741  2.69355  4.24690  2.90347  2.73739  3.18146  2.89801  2.37887  2.77519  2.98518  4.58477  3.61503
          0.02669  4.03275  4.75509  0.61958  0.77255  0.48576  0.95510
    120   2.87603  4.63285  3.58241  3.50354  4.63774  0.51969  4.61154  4.27876  3.70645  3.91201  4.89094  3.74709  4.02899  4.01814  3.92250  3.05297  3.36976  3.77615  5.68802  4.74594    129 G - - T
          2.68618  4.42225  2.77519  2.73123  3.46354  2.40513  3.72494  3.29354  2.67741  2.69355  4.24690  2.90347  2.73739  3.18146  2.89801  2.37887  2.77519  2.98518  4.58477  3.61503
          0.02669  4.03275  4.75509  0.61958  0.77255  0.48576  0.95510
    121   3.19379  5.01651  3.70154  3.18249  4.41206  3.64757  3.95170  3.96714  2.31750  3.45406  4.45236  3.52877  4.14444  3.16608  0.75914  3.27165  3.45017  3.68474  5.43139  4.30708    130 r - - -
          2.68618  4.42225  2.77519  2.73123  3.46354  2.40513  3.72494  3.29354  2.67741  2.69355  4.24690  2.90347  2.73739  3.18146  2.89801  2.37887  2.77519  2.98518  4.58477  3.61503
          0.02669  4.03275  4.75509  0.61958  0.77255  0.48576  0.95510
    122   0.80533  4.27905  3.63167  3.43358  4.21810  3.09868  4.43580  3.36807  3.45412  3.24201  4.25851  3.54064  3.85335  3.78107  3.69170  2.62912  2.91775  2.99455  5.62916  4.44815    131 a - - E
          2.68618  4.42225  2.77519  2.73123  3.46354  2.40513  3.72494  3.29354  2.67741  2.69355  4.24690  2.90347  2.73739  3.18146  2.89801  2.37887  2.77519  2.98518  4.58477  3.61503
          0.02669  4.03275  4.75509  0.61958  0.77255  0.48576  0.95510
    123   2.68913  4.36643  4.38890  3.88991  3.51066  4.07508  4.63704  1.93633  3.75826  1.81935  3.36911  4.13249  4.47786  4.05706  3.98724  3.44282  3.20492  1.17447  5.33055  4.12088    132 v - - E
          2.68618  4.42225  2.77519  2.73123  3.46354  2.40513  3.72494  3.29354  2.67741  2.69355  4.24690  2.90347  2.73739  3.18146  2.89801  2.37887  2.77519  2.98518  4.58477  3.61503
          0.02669  4.03275  4.75509  0.61958  0.77255  0.48576  0.95510
    124   2.86058  5.16473  1.09658  2.26409  4.60711  3.22878  3.87293  4.02356  2.89279  3.66972  4.57277  2.81921  3.87131  3.06308  3.43897  2.82316  2.81791  3.63561  5.86772  4.42835    133 d - - E
          2.68618  4.42225  2.77519  2.73123  3.46354  2.40513  3.72494  3.29354  2.67741  2.69355  4.24690  2.90347  2.73739  3.18146  2.89801  2.37887  2.77519  2.98518  4.58477  3.61503
          0.02669  4.03275  4.75509  0.61958  0.77255  0.48576  0.95510
    125   3.11891  4.47005  4.72898  4.26544  3.49747  4.37721  4.97420  1.00748  4.11518  1.98878  3.33201  4.48292  4.72688  4.40238  4.30755  3.78726  3.39905  1.62185  5.48431  4.26466    134 i - - E
          2.68618  4.42225  2.77519  2.73123  3.46354  2.40513  3.72494  3.29354  2.67741  2.69355  4.24690  2.90347  2.73739  3.18146  2.89801  2.37887  2.77519  2.98518  4.58477  3.61503
          0.02669  4.03275  4.75509  0.61958  0.77255  0.48576  0.95510
    126   2.32992  4.44549  3.19493  2.82317  4.04701  3.24717  3.92724  3.29022  2.48932  3.05761  3.95154  3.19281  3.83992  3.15657  3.05418  2.64631  1.45865  2.96031  5.39042  4.13679    135 t - - E
          2.68618  4.42225  2.77519  2.73123  3.46354  2.40513  3.72494  3.29354  2.67741  2.69355  4.24690  2.90347  2.73739  3.18146  2.89801  2.37887  2.77519  2.98518  4.58477  3.61503
          0.02669  4.03275  4.75509  0.61958  0.77255  0.48576  0.95510
    127   2.50630  4.35074  3.57825  3.34118  4.11814  3.18385  4.34526  3.26513  3.28732  3.12286  4.16531  3.52245  3.90128  3.67471  3.53641  2.70966  0.92653  2.94262  5.54170  4.33564    136 t - - E
          2.68618  4.42225  2.77519  2.73123  3.46354  2.40513  3.72494  3.29354  2.67741  2.69355  4.24690  2.90347  2.73739  3.18146  2.89801  2.37887  2.77519  2.98518  4.58477  3.61503
          0.02669  4.03275  4.75509  0.61958  0.77255  0.48576  0.95510
    128   2.66286  4.90301  2.21098  2.34054  4.43108  3.21384  3.79660  3.91344  2.71611  3.49184  4.31756  2.58608  3.80789  2.96959  3.21201  1.48941  2.99167  3.48978  5.67752  4.28453    137 s - - T
          2.68618  4.42225  2.77519  2.73123  3.46354  2.40513  3.72494  3.29354  2.67741  2.69355  4.24690  2.90347  2.73739  3.18146  2.89801  2.37887  2.77519  2.98518  4.58477  3.61503
          0.02669  4.03275  4.75509  0.61958  0.77255  0.48576  0.95510
    129   3.16904  5.31326  0.71278  2.44863  4.71352  3.33862  4.08226  4.33972  3.19826  3.92056  4.90482  3.01204  4.00299  3.32354  3.73421  3.11515  3.51196  3.96271  5.85026  4.56338    138 d - - T
          2.68618  4.42225  2.77519  2.73123  3.46354  2.40513  3.72494  3.29354  2.67741  2.69355  4.24690  2.90347  2.73739  3.18146  2.89801  2.37887  2.77519  2.98518  4.58477  3.61503
          0.02669  4.03275  4.75509  0.61958  0.77255  0.48576  0.95510
    130   2.53418  5.08088  2.66388  2.16048  4.41057  3.39754  3.58245  3.85872  2.02692  3.35993  4.13831  2.87753  3.80880  2.54098  2.13211  2.64945  2.90384  3.46583  5.50276  4.13973    139 k - - -
          2.68618  4.42225  2.77519  2.73123  3.46354  2.40513  3.72494  3.29354  2.67741  2.69355  4.24690  2.90347  2.73739  3.18146  2.89801  2.37887  2.77519  2.98518  4.58477  3.61503
          0.02669  4.03275  4.75509  0.61958  0.77255  0.48576  0.95510
    131   2.91904  5.44498  1.29091  2.04359  4.73502  3.26533  3.74992  4.22954  2.30130  3.73670  4.57530  2.72903  3.85662  2.90855  3.23149  2.81973  3.19440  3.81714  5.89679  4.42488    140 d - - -
          2.68618  4.42225  2.77519  2.73123  3.46354  2.40513  3.72494  3.29354  2.67741  2.69355  4.24690  2.90347  2.73739  3.18146  2.89801  2.37887  2.77519  2.98518  4.58477  3.61503
          0.02669  4.03275  4.75509  0.61958  0.77255  0.48576  0.95510
    132   2.73370  5.00179  3.04757  2.48562  4.33846  3.47498  3.59634  3.74764  1.99350  3.27029  4.07941  2.80402  3.52296  2.57716  1.87579  2.73211  2.61951  3.39553  5.42056  4.12074    141 r - - G
          2.68618  4.42225  2.77519  2.73123  3.46354  2.40513  3.72494  3.29354  2.67741  2.69355  4.24690  2.90347  2.73739  3.18146  2.89801  2.37887  2.77519  2.98518  4.58477  3.61503
          0.02669  4.03275  4.75509  0.61958  0.77255  0.48576  0.95510
    133   2.51379  4.97235  2.53150  2.32303  4.28487  3.35612  3.59947  3.73363  2.29383  3.27598  4.05891  2.59368  3.78133  2.72448  2.57347  2.15705  2.69305  3.35294  5.46082  4.08519    142 s - - G
          2.68618  4.42225  2.77519  2.73123  3.46354  2.40513  3.72494  3.29354  2.67741  2.69355  4.24690  2.90347  2.73739  3.18146  2.89801  2.37887  2.77519  2.98518  4.58477  3.61503
          0.02669  4.03275  4.75509  0.61958  0.77255  0.48576  0.95510
    134   3.12472  5.08881  3.31097  2.90594  4.51202  3.59379  3.85738  3.95206  0.83819  3.48356  4.43902  3.32234  4.08499  3.04168  2.47461  3.15777  3.36739  3.65177  5.50280  4.33989    143 k - - G
          2.68618  4.42225  2.77519  2.73123  3.46354  2.40513  3.72494  3.29354  2.67741  2.69355  4.24690  2.90347  2.73739  3.18146  2.89801  2.37887  2.77519  2.98518  4.58477  3.61503
          0.02669  4.03275  4.75509  0.61958  0.77255  0.48576  0.95510
    135   3.26749  4.72565  4.15083  3.74535  2.28839  4.09147  3.66585  3.01100  3.53304  2.07971  3.69735  3.85506  4.46242  3.79795  3.71486  3.46367  3.51136  2.92323  3.95996  1.11402    144 y - - H
          2.68618  4.42225  2.77519  2.73123  3.46354  2.40513  3.72494  3.29354  2.67741  2.69355  4.24690  2.90347  2.73739  3.18146  2.89801  2.37887  2.77519  2.98518  4.58477  3.61503
          0.02669  4.03275  4.75509  0.61958  0.77255  0.48576  0.95510
    136   2.46926  4.41657  3.20459  3.00379  4.43784  1.27612  4.21210  3.92128  3.17219  3.56550  4.42130  3.30066  2.01444  3.47575  3.51024  2.61731  2.93162  3.39999  5.67774  4.49792    145 g - - H
          2.68618  4.42225  2.77519  2.73123  3.46354  2.40513  3.72494  3.29354  2.67741  2.69355  4.24690  2.90347  2.73739  3.18146  2.89801  2.37887  2.77519  2.98518  4.58477  3.61503
          0.02669  4.03275  4.75509  0.61958  0.77255  0.48576  0.95510
    137   2.96709  4.38095  4.42157  3.85231  3.21698  4.15195  4.48631  1.92665  3.73304  1.61941  1.87272  4.11654  4.44731  3.94348  3.92701  3.46416  2.95856  1.97969  5.06130  3.92695    146 l - - H
          2.68618  4.42225  2.77519  2.73123  3.46354  2.40513  3.72494  3.29354  2.67741  2.69355  4.24690  2.90347  2.73739  3.18146  2.89801  2.37887  2.77519  2.98518  4.58477  3.61503
          0.02669  4.03275  4.75509  0.61958  0.77255  0.48576  0.95510
    138   3.33909  4.75539  4.44620  4.08946  3.20367  4.18418  4.69512  2.41927  3.85564  0.70035  3.18138  4.34933  4.59371  4.18543  4.00440  3.77779  3.62702  2.49771  5.13831  3.89773    147 l - - H
          2.68618  4.42225  2.77519  2.73123  3.46354  2.40513  3.72494  3.29354  2.67741  2.69355  4.24690  2.90347  2.73739  3.18146  2.89801  2.37887  2.77519  2.98518  4.58477  3.61503
          0.02669  4.03275  4.75509  0.61958  0.77255  0.48576  0.95510
    139   1.00926  4.18890  3.47284  3.24405  4.32801  2.32772  4.31326  3.66179  3.32728  3.42579  4.28718  3.37246  3.73453  3.61135  3.61228  2.45642  2.76740  3.14752  5.67936  4.48904    148 a - - H
          2.68618  4.42225  2.77519  2.73123  3.46354  2.40513  3.72494  3.29354  2.67741  2.69355  4.24690  2.90347  2.73739  3.18146  2.89801  2.37887  2.77519  2.98518  4.58477  3.61503
          0.02669  4.03275  4.75509  0.61958  0.77255  0.48576  0.95510
    140   3.05350  5.16547  3.42051  2.78649  4.59190  3.67163  3.62392  3.94752  1.82716  3.39692  4.26710  3.19509  4.04302  2.43364  1.25608  3.05024  3.22086  3.63361  5.45397  4.27696    149 r - - H
          2.68618  4.42225  2.77519  2.73123  3.46354  2.40513  3.72494  3.29354  2.67741  2.69355  4.24690  2.90347  2.73739  3.18146  2.89801  2.37887  2.77519  2.98518  4.58477  3.61503
          0.02669  4.03275  4.75509  0.61958  0.77255  0.48576  0.95510
    141   3.33909  4.75539  4.44620  4.08946  3.20367  4.18418  4.69512  2.41927  3.85564  0.70035  3.18138  4.34933  4.59371  4.18543  4.00440  3.77779  3.62702  2.49771  5.13831  3.89773    150 l - - H
          2.68618  4.42225  2.77519  2.73123  3.46354  2.40513  3.72494  3.29354  2.67741  2.69355  4.24690  2.90347  2.73739  3.18146  2.89801  2.37887  2.77519  2.98518  4.58477  3.61503
          0.02669  4.03275  4.75509  0.61958  0.77255  0.48576  0.95510
    142   0.80533  4.27905  3.63167  3.43358  4.21810  3.09868  4.43580  3.36807  3.45412  3.24201  4.25851  3.54064  3.85335  3.78107  3.69170  2.62912  2.91775  2.99455  5.62916  4.44815    151 a - - H
          2.68618  4.42225  2.77519  2.73123  3.46354  2.40513  3.72494  3.29354  2.67741  2.69355  4.24690  2.90347  2.73739  3.18146  2.89801  2.37887  2.77519  2.98518  4.58477  3.61503
          0.02669  4.03275  4.75509  0.61958  0.77255  0.48576  0.95510
    143   2.84225  4.35340  4.05848  3.57934  3.11818  3.87064  4.16092  2.27982  3.43602  2.24093  3.39317  3.82720  4.28428  3.74272  3.66538  3.22280  3.11193  1.24931  4.78669  2.74419    152 v - - H
          2.68618  4.42225  2.77519  2.73123  3.46354  2.40513  3.72494  3.29354  2.67741  2.69355  4.24690  2.90347  2.73739  3.18146  2.89801  2.37887  2.77519  2.98518  4.58477  3.61503
          0.02669  4.03275  4.75509  0.61958  0.77255  0.48576  0.95510
    144   2.65079  4.82324  2.97591  1.74232  4.07336  3.43387  3.64376  3.17657  2.36956  3.05550  3.90636  2.97663  3.84269  2.79820  2.50125  2.68613  2.88369  2.90291  5.32514  4.00392    153 e - - H
          2.68618  4.42225  2.77519  2.73123  3.46354  2.40513  3.72494  3.29354  2.67741  2.69355  4.24690  2.90347  2.73739  3.18146  2.89801  2.37887  2.77519  2.98518  4.58477  3.61503
          0.02669  4.03275  4.75509  0.61958  0.77255  0.48576  0.95510
    145   0.80533  4.27905  3.63167  3.43358  4.21810  3.09868  4.43580  3.36807  3.45412  3.24201  4.25851  3.54064  3.85335  3.78107  3.69170  2.62912  2.91775  2.99455  5.62916  4.44815    154 a - - T
          2.68618  4.42225  2.77519  2.73123  3.46354  2.40513  3.72494  3.29354  2.67741  2.69355  4.24690  2.90347  2.73739  3.18146  2.89801  2.37887  2.77519  2.98518  4.58477  3.61503
          0.02669  4.03275  4.75509  0.61958  0.77255  0.48576  0.95510
    146   2.87603  4.63285  3.58241  3.50354  4.63774  0.51969  4.61154  4.27876  3.70645  3.91201  4.89094  3.74709  4.02899  4.01814  3.92250  3.05297  3.36976  3.77615  5.68802  4.74594    155 G - - T
          2.68618  4.42225  2.77519  2.73123  3.46354  2.40513  3.72494  3.29354  2.67741  2.69355  4.24690  2.90347  2.73739  3.18146  2.89801  2.37887  2.77519  2.98518  4.58477  3.61503
          0.02669  4.03275  4.75509  0.61958  0.77255  0.48576  0.95510
    147   3.46873  4.82435  4.45868  4.20603  0.78186  4.11598  3.95784  2.97543  4.10967  2.30968  3.68343  4.20303  4.57282  4.23406  4.18968  3.72875  3.77088  2.97748  4.16394  2.51272    156 f - - -
          2.68618  4.42225  2.77519  2.73123  3.46354  2.40513  3.72494  3.29354  2.67741  2.69355  4.24690  2.90347  2.73739  3.18146  2.89801  2.37887  2.77519  2.98518  4.58477  3.61503
          0.02669  4.03275  4.75509  0.61958  0.77255  0.48576  0.95510
    148   3.16904  5.31326  0.71278  2.44863  4.71352  3.33862  4.08226  4.33972  3.19826  3.92056  4.90482  3.01204  4.00299  3.32354  3.73421  3.11515  3.51196  3.96271  5.85026  4.56338    157 d - - S
          2.68618  4.42225  2.77519  2.73123  3.46354  2.40513  3.72494  3.29354  2.67741  2.69355  4.24690  2.90347  2.73739  3.18146  2.89801  2.37887  2.77519  2.98518  4.58477  3.61503
          0.02669  4.03275  4.75509  0.61958  0.77255  0.48576  0.95510
    149   3.61507  4.93037  4.34474  4.09232  2.84802  3.91688  4.11089  3.64826  3.81249  3.01431  4.27421  4.20968  4.44854  4.19179  3.91175  3.81712  3.92417  3.54296  0.61591  2.84218    158 W - - E
          2.68618  4.42225  2.77519  2.73123  3.46354  2.40513  3.72494  3.29354  2.67741  2.69355  4.24690  2.90347  2.73739  3.18146  2.89801  2.37887  2.77519  2.98518  4.58477  3.61503
          0.02669  4.03275  4.75509  0.61958  0.77255  0.48576  0.95510
    150   2.93610  4.43738  4.34489  4.01560  3.67190  3.88705  4.79112  2.05563  3.88585  2.33277  3.61523  4.17897  4.44055  4.23530  4.08252  3.40274  3.29496  0.84450  5.48256  4.22300    159 v - - E
          2.68618  4.42225  2.77519  2.73123  3.46354  2.40513  3.72494  3.29354  2.67741  2.69355  4.24690  2.90347  2.73739  3.18146  2.89801  2.37887  2.77519  2.98518  4.58477  3.61503
          0.10180  4.03275  2.53752  0.61958  0.77255  0.48576  0.95510
    151   2.59046  4.45277  3.24484  2.69330  3.11885  3.49769  3.16348  2.99598  2.50162  2.54708  3.55074  2.94487  3.88199  2.98003  3.02559  2.60019  2.82116  2.74956  4.83978  2.61965    160 k - - E
          2.68618  4.42225  2.77519  2.73123  3.46354  2.40513  3.72494  3.29354  2.67741  2.69355  4.24690  2.90347  2.73739  3.18146  2.89801  2.37887  2.77519  2.98518  4.58477  3.61503
          0.02874  3.95969  4.68203  0.61958  0.77255  0.44279  1.02790
    152   3.55334  4.88490  4.39961  4.07270  1.88590  4.27877  3.51742  3.31979  3.92804  2.68652  3.94780  3.98495  4.62846  4.01518  4.03929  3.66621  3.79270  3.23248  3.69625  0.86842    161 y - - E
          2.68618  4.42225  2.77519  2.73123  3.46354  2.40513  3.72494  3.29354  2.67741  2.69355  4.24690  2.90347  2.73739  3.18146  2.89801  2.37887  2.77519  2.98518  4.58477  3.61503
          0.06299  4.03275  3.13907  0.61958  0.77255  0.48576  0.95510
    153   2.66114  5.05028  2.52125  1.74719  4.34974  3.34162  3.60550  3.80264  2.37955  3.33614  4.12473  2.64121  3.78823  2.73345  2.54699  2.63420  2.90052  3.15092  5.51198  4.12597    162 e - - E
          2.68618  4.42225  2.77519  2.73123  3.46354  2.40513  3.72494  3.29354  2.67741  2.69355  4.24690  2.90347  2.73739  3.18146  2.89801  2.37887  2.77519  2.98518  4.58477  3.61503
          0.02766  3.99741  4.71976  0.61958  0.77255  0.46358  0.99164
    154   2.34375  4.76924  2.65000  2.41470  4.09856  3.06044  3.67325  3.52435  2.50861  3.12899  3.94740  2.75448  3.79706  2.83421  2.97514  1.93228  2.84906  3.18073  5.36831  3.57889    163 s - - E
          2.68618  4.42225  2.77519  2.73123  3.46354  2.40513  3.72494  3.29354  2.67741  2.69355  4.24690  2.90347  2.73739  3.18146  2.89801  2.37887  2.77519  2.98518  4.58477  3.61503
          0.02669  4.03275  4.75509  0.61958  0.77255  0.48576  0.95510
    155   2.98344  5.16950  3.31877  2.70092  4.60706  3.62475  3.60991  3.97104  1.49223  3.41892  4.26490  2.80707  3.99980  2.73948  1.58669  2.97017  3.16157  3.63364  5.47500  4.27117    164 k - - S
          2.68618  4.42225  2.77519  2.73123  3.46354  2.40513  3.72494  3.29354  2.67741  2.69355  4.24690  2.90347  2.73739  3.18146  2.89801  2.37887  2.77519  2.98518  4.58477  3.61503
          0.02669  4.03275  4.75509  0.61958  0.77255  0.48576  0.95510
    156   2.29655  4.36875  3.31214  2.74879  3.24154  3.28385  3.74676  2.72288  2.71058  2.59032  3.47077  3.02688  3.88632  3.02997  2.77719  2.52518  2.79246  2.52724  4.93991  3.21977    165 a - - S
          2.68618  4.42225  2.77519  2.73123  3.46354  2.40513  3.72494  3.29354  2.67741  2.69355  4.24690  2.90347  2.73739  3.18146  2.89801  2.37887  2.77519  2.98518  4.58477  3.61503
          0.11276  4.03275  2.42015  0.61958  0.77255  0.48576  0.95510
    157   3.04628  4.79717  3.45533  3.05126  2.46245  3.76543  1.71760  3.41775  2.88452  2.89473  3.94521  3.38597  4.17362  3.28443  3.17616  3.11403  3.28210  3.20895  4.07858  1.92157    166 h - - E
          2.68618  4.42225  2.77519  2.73123  3.46354  2.40513  3.72494  3.29354  2.67741  2.69355  4.24690  2.90347  2.73739  3.18146  2.89801  2.37887  2.77519  2.98518  4.58477  3.61503
          0.02905  3.94904  4.67138  0.61958  0.77255  0.43739  1.03767
    158   3.11500  4.42585  4.83392  4.34118  3.58115  4.46802  5.05373  1.22847  4.22872  2.07726  3.38433  4.55630  4.77944  4.49192  4.42427  3.85969  3.38212  1.21525  5.55731  4.35304    167 v - - E
          2.68618  4.42225  2.77519  2.73123  3.46354  2.40513  3.72494  3.29354  2.67741  2.69355  4.24690  2.90347  2.73739  3.18146  2.89801  2.37887  2.77519  2.98518  4.58477  3.61503
          0.02669  4.03275  4.75509  0.61958  0.77255  0.48576  0.95510
    159   3.05419  4.88073  3.33651  2.97405  2.71750  3.71627  1.36840  3.53302  2.78135  3.01012  4.05006  3.35018  4.15888  3.24578  3.07066  3.10968  3.30013  3.30985  4.30928  2.42652    168 h - - E
          2.68618  4.42225  2.77519  2.73123  3.46354  2.40513  3.72494  3.29354  2.67741  2.69355  4.24690  2.90347  2.73739  3.18146  2.89801  2.37887  2.77519  2.98518  4.58477  3.61503
          0.02669  4.03275  4.75509  0.61958  0.77255  0.48576  0.95510
    160   1.91682  1.80091  4.11467  3.66930  3.70851  3.25911  4.36655  2.58507  3.54484  2.65391  3.65789  3.68266  3.92512  3.80556  3.74762  2.68211  2.80699  2.05501  5.26013  4.06953    169 c - - E
          2.68618  4.42225  2.77519  2.73123  3.46354  2.40513  3.72494  3.29354  2.67741  2.69355  4.24690  2.90347  2.73739  3.18146  2.89801  2.37887  2.77519  2.98518  4.58477  3.61503
          0.02669  4.03275  4.75509  0.61958  0.77255  0.48576  0.95510
    161   2.40063  4.32170  3.35308  3.17908  4.23962  3.04897  4.28310  3.78528  3.26374  3.49406  4.40846  3.37613  3.80159  3.60095  3.54289  0.87269  2.89327  3.28495  5.59976  4.32476    170 s - - E
          2.68618  4.42225  2.77519  2.73123  3.46354  2.40513  3.72494  3.29354  2.67741  2.69355  4.24690  2.90347  2.73739  3.18146  2.89801  2.37887  2.77519  2.98518  4.58477  3.61503
          0.01804  4.02410        *  0.61958  0.77255  0.00000        *
//
